No,day,month,latitude,longitude,bus_id,seconds,No
31,03,03,13.049169540405273,80.20783996582031,45214920712,2,31
101,03,03,13.0493803024292,80.20851135253906,45214920712,12,101
175,03,03,13.049500465393066,80.20912170410156,45214920712,22,175
246,03,03,13.049579620361328,80.20966339111328,45214920712,32,246
316,03,03,13.049659729003906,80.21031951904297,45214920712,42,316
393,03,03,13.04977035522461,80.21106719970703,45214920712,53,393
464,03,03,13.049860000610352,80.21160888671875,45214920712,63,464
534,03,03,13.04990005493164,80.21189880371094,45214920712,73,534
596,03,03,13.04990005493164,80.21189880371094,45214920712,83,596
674,03,03,13.049920082092285,80.2120590209961,45214920712,93,674
744,03,03,13.049960136413574,80.21234130859375,45214920712,103,744
813,03,03,13.050000190734863,80.21282958984375,45214920712,113,813
887,03,03,13.050129890441895,80.21344757080078,45214920712,123,887
992,03,03,13.050239562988281,80.21381378173828,45214920712,139,992
1079,03,03,13.050239562988281,80.21381378173828,45214920712,151,1079
1164,03,03,13.050239562988281,80.21381378173828,45214920712,162,1164
1235,03,03,13.05031967163086,80.21414947509766,45214920712,172,1235
1302,03,03,13.050530433654785,80.21463775634766,45214920712,182,1302
1357,03,03,13.05072021484375,80.21514129638672,45214920712,191,1357
1441,03,03,13.05093002319336,80.2158203125,45214920712,202,1441
1507,03,03,13.051079750061035,80.2163314819336,45214920712,212,1507
1577,03,03,13.051360130310059,80.21708679199219,45214920712,222,1577
1644,03,03,13.051630020141602,80.21790313720703,45214920712,232,1644
1714,03,03,13.051939964294434,80.21865844726562,45214920712,242,1714
1794,03,03,13.052109718322754,80.21929931640625,45214920712,252,1794
1877,03,03,13.052300453186035,80.22003936767578,45214920712,263,1877
1948,03,03,13.052490234375,80.22064971923828,45214920712,273,1948
2018,03,03,13.05270004272461,80.22151947021484,45214920712,283,2018
2091,03,03,13.052960395812988,80.22248077392578,45214920712,293,2091
2118,03,03,13.053250312805176,80.2235107421875,45214920712,303,2118
2152,03,03,13.053460121154785,80.22450256347656,45214920712,313,2152
2227,03,03,13.05370044708252,80.2255630493164,45214920712,323,2227
2297,03,03,13.053890228271484,80.22669982910156,45214920712,333,2297
2367,03,03,13.053999900817871,80.22773742675781,45214920712,343,2367
2482,03,03,13.054109573364258,80.22865295410156,45214920712,359,2482
2568,03,03,13.054140090942383,80.22956848144531,45214920712,372,2568
2643,03,03,13.054160118103027,80.23023986816406,45214920712,382,2643
2711,03,03,13.054149627685547,80.23058319091797,45214920712,391,2711
2787,03,03,13.05408000946045,80.23068237304688,45214920712,402,2787
2861,03,03,13.053750038146973,80.23068237304688,45214920712,412,2861
2929,03,03,13.053119659423828,80.23059844970703,45214920712,422,2929
3004,03,03,13.05270004272461,80.23053741455078,45214920712,432,3004
3076,03,03,13.052169799804688,80.23043060302734,45214920712,442,3076
3147,03,03,13.051919937133789,80.23040008544922,45214920712,452,3147
3220,03,03,13.05154037475586,80.2303237915039,45214920712,463,3220
3289,03,03,13.05128002166748,80.23027801513672,45214920712,473,3289
3362,03,03,13.051139831542969,80.23026275634766,45214920712,483,3362
3430,03,03,13.050919532775879,80.23023223876953,45214920712,493,3430
3502,03,03,13.050620079040527,80.2302017211914,45214920712,503,3502
3570,03,03,13.050350189208984,80.23016357421875,45214920712,513,3570
3642,03,03,13.050080299377441,80.23014068603516,45214920712,523,3642
3718,03,03,13.04971981048584,80.23011779785156,45214920712,533,3718
3783,03,03,13.049349784851074,80.23011779785156,45214920712,543,3783
3854,03,03,13.048970222473145,80.23013305664062,45214920712,553,3854
3931,03,03,13.048669815063477,80.23011016845703,45214920712,563,3931
4006,03,03,13.048540115356445,80.23011016845703,45214920712,574,4006
4077,03,03,13.048540115356445,80.23011016845703,45214920712,584,4077
4150,03,03,13.048540115356445,80.23011016845703,45214920712,594,4150
4221,03,03,13.048540115356445,80.23011016845703,45214920712,604,4221
4293,03,03,13.048060417175293,80.23016357421875,45214920712,614,4293
4365,03,03,13.047769546508789,80.23043823242188,45214920712,624,4365
4438,03,03,13.047679901123047,80.23065948486328,45214920712,634,4438
4512,03,03,13.04761028289795,80.23127746582031,45214920712,644,4512
4583,03,03,13.04751968383789,80.23206329345703,45214920712,654,4583
4653,03,03,13.04740047454834,80.23278045654297,45214920712,664,4653
4732,03,03,13.047189712524414,80.23310089111328,45214920712,675,4732
4801,03,03,13.046480178833008,80.23300170898438,45214920712,685,4801
4876,03,03,13.045479774475098,80.2328109741211,45214920712,695,4876
4948,03,03,13.044449806213379,80.23259735107422,45214920712,705,4948
5015,03,03,13.043350219726562,80.23245239257812,45214920712,715,5015
5085,03,03,13.042499542236328,80.232421875,45214920712,725,5085
5158,03,03,13.041609764099121,80.23230743408203,45214920712,735,5158
5230,03,03,13.040559768676758,80.23197937011719,45214920712,745,5230
5302,03,03,13.039449691772461,80.2316665649414,45214920712,755,5302
5372,03,03,13.038430213928223,80.23136901855469,45214920712,765,5372
5447,03,03,13.037349700927734,80.23101806640625,45214920712,776,5447
5519,03,03,13.036860466003418,80.23079681396484,45214920712,786,5519
5589,03,03,13.036499977111816,80.23062896728516,45214920712,796,5589
5662,03,03,13.035799980163574,80.23043823242188,45214920712,806,5662
5733,03,03,13.035440444946289,80.2303466796875,45214920712,816,5733
5804,03,03,13.035019874572754,80.23033905029297,45214920712,826,5804
5876,03,03,13.034640312194824,80.2303695678711,45214920712,836,5876
5944,03,03,13.034090042114258,80.2304916381836,45214920712,846,5944
6019,03,03,13.033880233764648,80.23049926757812,45214920712,856,6019
6089,03,03,13.03341007232666,80.23052978515625,45214920712,866,6089
6160,03,03,13.032730102539062,80.2305908203125,45214920712,876,6160
6232,03,03,13.03201961517334,80.23066711425781,45214920712,887,6232
6304,03,03,13.03125,80.23074340820312,45214920712,897,6304
6375,03,03,13.030540466308594,80.23079681396484,45214920712,907,6375
6446,03,03,13.029840469360352,80.2308578491211,45214920712,917,6446
6512,03,03,13.029399871826172,80.23091125488281,45214920712,926,6512
6582,03,03,13.028790473937988,80.2309799194336,45214920712,937,6582
6658,03,03,13.027990341186523,80.2310562133789,45214920712,947,6658
6730,03,03,13.027669906616211,80.23116302490234,45214920712,957,6730
6801,03,03,13.027700424194336,80.23162078857422,45214920712,967,6801
6874,03,03,13.027759552001953,80.23216247558594,45214920712,977,6874
6948,03,03,13.027859687805176,80.2326431274414,45214920712,988,6948
7017,03,03,13.027640342712402,80.23290252685547,45214920712,998,7017
7091,03,03,13.027070045471191,80.23300170898438,45214920712,1008,7091
7162,03,03,13.026820182800293,80.23303985595703,45214920712,1018,7162
7233,03,03,13.02670955657959,80.23306274414062,45214920712,1028,7233
7304,03,03,13.02670955657959,80.23306274414062,45214920712,1038,7304
7375,03,03,13.026439666748047,80.23298645019531,45214920712,1048,7375
7446,03,03,13.026240348815918,80.2325668334961,45214920712,1058,7446
7566,03,03,13.025910377502441,80.23133850097656,45214920712,1074,7566
7644,03,03,13.025440216064453,80.2302017211914,45214920712,1086,7644
7721,03,03,13.02476978302002,80.2292709350586,45214920712,1097,7721
7791,03,03,13.024209976196289,80.22850799560547,45214920712,1107,7791
7860,03,03,13.02357006072998,80.22773742675781,45214920712,1117,7860
7934,03,03,13.022769927978516,80.2270278930664,45214920712,1127,7934
8005,03,03,13.021949768066406,80.2263412475586,45214920712,1137,8005
8075,03,03,13.021080017089844,80.22566223144531,45214920712,1147,8075
8144,03,03,13.02025032043457,80.22509002685547,45214920712,1156,8144
8218,03,03,13.019240379333496,80.22453308105469,45214920712,1167,8218
8288,03,03,13.018340110778809,80.22469329833984,45214920712,1176,8288
8362,03,03,13.01729965209961,80.22511291503906,45214920712,1187,8362
8434,03,03,13.016570091247559,80.22537994384766,45214920712,1198,8434
8508,03,03,13.016160011291504,80.22543334960938,45214920712,1208,8508
8577,03,03,13.01587963104248,80.22566223144531,45214920712,1218,8577
8649,03,03,13.015299797058105,80.22589874267578,45214920712,1228,8649
8718,03,03,13.014639854431152,80.22615814208984,45214920712,1238,8718
8790,03,03,13.014120101928711,80.22637176513672,45214920712,1248,8790
8861,03,03,13.013420104980469,80.22663879394531,45214920712,1258,8861
8932,03,03,13.012539863586426,80.22698974609375,45214920712,1268,8932
9003,03,03,13.01161003112793,80.22736358642578,45214920712,1278,9003
9074,03,03,13.010649681091309,80.22773742675781,45214920712,1288,9074
9145,03,03,13.009650230407715,80.22814178466797,45214920712,1299,9145
9218,03,03,13.009110450744629,80.22870635986328,45214920712,1309,9218
9287,03,03,13.008939743041992,80.22962188720703,45214920712,1319,9287
9359,03,03,13.008760452270508,80.2305908203125,45214920712,1329,9359
9429,03,03,13.008589744567871,80.23161315917969,45214920712,1339,9429
9500,03,03,13.008379936218262,80.23271942138672,45214920712,1349,9500
9571,03,03,13.008159637451172,80.23384094238281,45214920712,1359,9571
9640,03,03,13.007949829101562,80.23491668701172,45214920712,1369,9640
9713,03,03,13.007740020751953,80.23600769042969,45214920712,1379,9713
9783,03,03,13.007539749145508,80.23713684082031,45214920712,1389,9783
9856,03,03,13.007329940795898,80.23824310302734,45214920712,1400,9856
9926,03,03,13.007160186767578,80.23912811279297,45214920712,1410,9926
9997,03,03,13.006990432739258,80.23993682861328,45214920712,1420,9997
10069,03,03,13.0068998336792,80.24066162109375,45214920712,1430,10069
10140,03,03,13.006790161132812,80.24150848388672,45214920712,1440,10140
10210,03,03,13.006770133972168,80.24262237548828,45214920712,1450,10210
10281,03,03,13.006719589233398,80.2437515258789,45214920712,1460,10281
10352,03,03,13.006730079650879,80.24495697021484,45214920712,1470,10352
10423,03,03,13.006759643554688,80.24610137939453,45214920712,1480,10423
10496,03,03,13.006799697875977,80.24723052978516,45214920712,1491,10496
10567,03,03,13.006770133972168,80.24819946289062,45214920712,1502,10567
10638,03,03,13.006799697875977,80.24925994873047,45214920712,1512,10638
10712,03,03,13.006839752197266,80.25041961669922,45214920712,1522,10712
10788,03,03,13.006810188293457,80.25151824951172,45214920712,1532,10788
10858,03,03,13.006620407104492,80.25250244140625,45214920712,1542,10858
10929,03,03,13.006600379943848,80.25350952148438,45214920712,1552,10929
10999,03,03,13.006620407104492,80.2545394897461,45214920712,1562,10999
11068,03,03,13.0066499710083,80.25562286376953,45214920712,1572,11068
11136,03,03,13.006660461425781,80.25669860839844,45214920712,1582,11136
11206,03,03,13.006739616394043,80.25749969482422,45214920712,1592,11206
11287,03,03,13.006219863891602,80.25762939453125,45214920712,1603,11287
11359,03,03,13.005450248718262,80.25740051269531,45214920712,1613,11359
11430,03,03,13.004579544067383,80.2571792602539,45214920712,1623,11430
11550,03,03,13.003060340881348,80.25685119628906,45214920712,1639,11550
11628,03,03,13.001859664916992,80.25663757324219,45214920712,1651,11628
11690,03,03,13.001070022583008,80.25653839111328,45214920712,1659,11690
11771,03,03,13.000089645385742,80.25639343261719,45214920712,1671,11771
11843,03,03,12.99921989440918,80.25621795654297,45214920712,1681,11843
11928,03,03,12.998379707336426,80.25607299804688,45214920712,1691,11928
12000,03,03,12.997830390930176,80.25602722167969,45214920712,1701,12000
12074,03,03,12.997719764709473,80.25618743896484,45214920712,1712,12074
12146,03,03,12.997750282287598,80.25652313232422,45214920712,1722,12146
12215,03,03,12.997759819030762,80.25682067871094,45214920712,1732,12215
12287,03,03,12.997770309448242,80.25686645507812,45214920712,1742,12287
12354,03,03,12.997770309448242,80.25686645507812,45214920712,1752,12354
12429,03,03,12.997770309448242,80.25686645507812,45214920712,1763,12429
12499,03,03,12.997770309448242,80.25686645507812,45214920712,1773,12499
12567,03,03,12.997770309448242,80.25686645507812,45214920712,1783,12567
12640,03,03,12.997770309448242,80.25686645507812,45214920712,1793,12640
12708,03,03,12.99767017364502,80.2571029663086,45214920712,1803,12708
12785,03,03,12.9975004196167,80.25704956054688,45214920712,1814,12785
12857,03,03,12.997420310974121,80.25704956054688,45214920712,1824,12857
12922,03,03,12.997420310974121,80.25704956054688,45214920712,1834,12922
12998,03,03,12.997420310974121,80.25704956054688,45214920712,1844,12998
13063,03,03,12.997420310974121,80.25704956054688,45214920712,1853,13063
13136,03,03,12.997420310974121,80.25704956054688,45214920712,1864,13136
13206,03,03,12.997420310974121,80.25704956054688,45214920712,1874,13206
13277,03,03,12.997420310974121,80.25704956054688,45214920712,1884,13277
13348,03,03,12.997420310974121,80.25704956054688,45214920712,1894,13348
13418,03,03,12.997420310974121,80.25704956054688,45214920712,1904,13418
13490,03,03,12.997420310974121,80.25704956054688,45214920712,1915,13490
13562,03,03,12.997420310974121,80.25704956054688,45214920712,1925,13562
13633,03,03,12.997420310974121,80.25704956054688,45214920712,1935,13633
13704,03,03,12.997420310974121,80.25704956054688,45214920712,1945,13704
13774,03,03,12.997420310974121,80.25704956054688,45214920712,1955,13774
13845,03,03,12.997420310974121,80.25704956054688,45214920712,1965,13845
13919,03,03,12.997420310974121,80.25704956054688,45214920712,1975,13919
13990,03,03,12.997420310974121,80.25704956054688,45214920712,1985,13990
14061,03,03,12.997420310974121,80.25704956054688,45214920712,1995,14061
14132,03,03,12.997420310974121,80.25704956054688,45214920712,2005,14132
14204,03,03,12.997420310974121,80.25704956054688,45214920712,2016,14204
14275,03,03,12.997420310974121,80.25704956054688,45214920712,2026,14275
14349,03,03,12.997420310974121,80.25704956054688,45214920712,2036,14349
14416,03,03,12.997420310974121,80.25704956054688,45214920712,2046,14416
14487,03,03,12.997420310974121,80.25704956054688,45214920712,2056,14487
14559,03,03,12.997420310974121,80.25704956054688,45214920712,2066,14559
14632,03,03,12.997420310974121,80.25704956054688,45214920712,2076,14632
14703,03,03,12.997420310974121,80.25704956054688,45214920712,2086,14703
14773,03,03,12.997420310974121,80.25704956054688,45214920712,2096,14773
14848,03,03,12.997420310974121,80.25704956054688,45214920712,2106,14848
14918,03,03,12.997420310974121,80.25704956054688,45214920712,2116,14918
14990,03,03,12.997420310974121,80.25704956054688,45214920712,2127,14990
15062,03,03,12.997420310974121,80.25704956054688,45214920712,2137,15062
15133,03,03,12.997420310974121,80.25704956054688,45214920712,2147,15133
15204,03,03,12.997420310974121,80.25704956054688,45214920712,2157,15204
15275,03,03,12.997420310974121,80.25704956054688,45214920712,2167,15275
15346,03,03,12.997420310974121,80.25704956054688,45214920712,2177,15346
15417,03,03,12.997420310974121,80.25704956054688,45214920712,2187,15417
15491,03,03,12.997420310974121,80.25704956054688,45214920712,2197,15491
15563,03,03,12.997420310974121,80.25704956054688,45214920712,2207,15563
15635,03,03,12.997420310974121,80.25704956054688,45214920712,2217,15635
15710,03,03,12.997420310974121,80.25704956054688,45214920712,2228,15710
15782,03,03,12.997420310974121,80.25704956054688,45214920712,2238,15782
15854,03,03,12.997420310974121,80.25704956054688,45214920712,2248,15854
15925,03,03,12.997420310974121,80.25704956054688,45214920712,2258,15925
15997,03,03,12.997420310974121,80.25704956054688,45214920712,2268,15997
16069,03,03,12.997420310974121,80.25704956054688,45214920712,2278,16069
16142,03,03,12.997420310974121,80.25704956054688,45214920712,2288,16142
16212,03,03,12.997420310974121,80.25704956054688,45214920712,2298,16212
16286,03,03,12.997420310974121,80.25704956054688,45214920712,2308,16286
16355,03,03,12.997420310974121,80.25704956054688,45214920712,2318,16355
16430,03,03,12.997420310974121,80.25704956054688,45214920712,2329,16430
16497,03,03,12.997420310974121,80.25704956054688,45214920712,2339,16497
16567,03,03,12.997420310974121,80.25704956054688,45214920712,2349,16567
16637,03,03,12.997420310974121,80.25704956054688,45214920712,2359,16637
16708,03,03,12.997420310974121,80.25704956054688,45214920712,2369,16708
16778,03,03,12.997420310974121,80.25704956054688,45214920712,2379,16778
16849,03,03,12.997420310974121,80.25704956054688,45214920712,2389,16849
16920,03,03,12.997420310974121,80.25704956054688,45214920712,2399,16920
16991,03,03,12.997420310974121,80.25704956054688,45214920712,2409,16991
17062,03,03,12.997420310974121,80.25704956054688,45214920712,2419,17062
17134,03,03,12.997420310974121,80.25704956054688,45214920712,2430,17134
17208,03,03,12.997420310974121,80.25704956054688,45214920712,2440,17208
17279,03,03,12.997420310974121,80.25704956054688,45214920712,2450,17279
17349,03,03,12.997420310974121,80.25704956054688,45214920712,2460,17349
17424,03,03,12.997420310974121,80.25704956054688,45214920712,2470,17424
17494,03,03,12.997420310974121,80.25704956054688,45214920712,2480,17494
17565,03,03,12.997420310974121,80.25704956054688,45214920712,2490,17565
17638,03,03,12.997420310974121,80.25704956054688,45214920712,2500,17638
17709,03,03,12.997420310974121,80.25704956054688,45214920712,2510,17709
17781,03,03,12.997420310974121,80.25704956054688,45214920712,2520,17781
17852,03,03,12.997420310974121,80.25704956054688,45214920712,2530,17852
17926,03,03,12.997420310974121,80.25704956054688,45214920712,2541,17926
17997,03,03,12.997420310974121,80.25704956054688,45214920712,2551,17997
18069,03,03,12.997420310974121,80.25704956054688,45214920712,2561,18069
18142,03,03,12.997420310974121,80.25704956054688,45214920712,2571,18142
18213,03,03,12.997420310974121,80.25704956054688,45214920712,2581,18213
18282,03,03,12.997420310974121,80.25704956054688,45214920712,2591,18282
18353,03,03,12.997420310974121,80.25704956054688,45214920712,2601,18353
18420,03,03,12.997420310974121,80.25704956054688,45214920712,2611,18420
18493,03,03,12.997420310974121,80.25704956054688,45214920712,2621,18493
18562,03,03,12.997420310974121,80.25704956054688,45214920712,2631,18562
18633,03,03,12.997420310974121,80.25704956054688,45214920712,2642,18633
18704,03,03,12.997420310974121,80.25704956054688,45214920712,2652,18704
18777,03,03,12.997420310974121,80.25704956054688,45214920712,2662,18777
18846,03,03,12.997420310974121,80.25704956054688,45214920712,2672,18846
18916,03,03,12.997420310974121,80.25704956054688,45214920712,2682,18916
18987,03,03,12.997420310974121,80.25704956054688,45214920712,2692,18987
19061,03,03,12.997420310974121,80.25704956054688,45214920712,2702,19061
19131,03,03,12.997420310974121,80.25704956054688,45214920712,2712,19131
19200,03,03,12.997420310974121,80.25704956054688,45214920712,2722,19200
19269,03,03,12.997420310974121,80.25704956054688,45214920712,2732,19269
19341,03,03,12.997420310974121,80.25704956054688,45214920712,2743,19341
19415,03,03,12.997420310974121,80.25704956054688,45214920712,2753,19415
19485,03,03,12.997420310974121,80.25704956054688,45214920712,2763,19485
19554,03,03,12.997420310974121,80.25704956054688,45214920712,2773,19554
19624,03,03,12.997420310974121,80.25704956054688,45214920712,2783,19624
19694,03,03,12.997420310974121,80.25704956054688,45214920712,2793,19694
19764,03,03,12.997420310974121,80.25704956054688,45214920712,2803,19764
19833,03,03,12.997420310974121,80.25704956054688,45214920712,2813,19833
19903,03,03,12.997420310974121,80.25704956054688,45214920712,2823,19903
19975,03,03,12.997420310974121,80.25704956054688,45214920712,2833,19975
20047,03,03,12.997420310974121,80.25704956054688,45214920712,2844,20047
20116,03,03,12.997420310974121,80.25704956054688,45214920712,2854,20116
20186,03,03,12.997420310974121,80.25704956054688,45214920712,2864,20186
20257,03,03,12.997420310974121,80.25704956054688,45214920712,2874,20257
20326,03,03,12.997420310974121,80.25704956054688,45214920712,2884,20326
20396,03,03,12.997420310974121,80.25704956054688,45214920712,2894,20396
20467,03,03,12.997420310974121,80.25704956054688,45214920712,2904,20467
20537,03,03,12.997420310974121,80.25704956054688,45214920712,2914,20537
20608,03,03,12.997420310974121,80.25704956054688,45214920712,2924,20608
20677,03,03,12.997420310974121,80.25704956054688,45214920712,2934,20677
20753,03,03,12.997420310974121,80.25704956054688,45214920712,2945,20753
20821,03,03,12.997420310974121,80.25704956054688,45214920712,2955,20821
20890,03,03,12.997420310974121,80.25704956054688,45214920712,2965,20890
20960,03,03,12.997420310974121,80.25704956054688,45214920712,2975,20960
21030,03,03,12.997420310974121,80.25704956054688,45214920712,2985,21030
21102,03,03,12.997420310974121,80.25704956054688,45214920712,2995,21102
21174,03,03,12.997420310974121,80.25704956054688,45214920712,3005,21174
21244,03,03,12.997420310974121,80.25704956054688,45214920712,3015,21244
21315,03,03,12.997420310974121,80.25704956054688,45214920712,3025,21315
21385,03,03,12.997420310974121,80.25704956054688,45214920712,3035,21385
21456,03,03,12.99724006652832,80.25704956054688,45214920712,3045,21456
21527,03,03,12.997220039367676,80.25704956054688,45214920712,3056,21527
21598,03,03,12.997220039367676,80.25704956054688,45214920712,3066,21598
21669,03,03,12.997220039367676,80.25704956054688,45214920712,3076,21669
21741,03,03,12.997220039367676,80.25704956054688,45214920712,3086,21741
21810,03,03,12.997220039367676,80.25704956054688,45214920712,3096,21810
21883,03,03,12.997220039367676,80.25704956054688,45214920712,3106,21883
21954,03,03,12.997220039367676,80.25704956054688,45214920712,3116,21954
22022,03,03,12.997220039367676,80.25704956054688,45214920712,3126,22022
22095,03,03,12.997220039367676,80.25704956054688,45214920712,3136,22095
22164,03,03,12.997220039367676,80.25704956054688,45214920712,3146,22164
22235,03,03,12.997220039367676,80.25704956054688,45214920712,3157,22235
22307,03,03,12.997220039367676,80.25704956054688,45214920712,3167,22307
22374,03,03,12.997220039367676,80.25704956054688,45214920712,3177,22374
22446,03,03,12.997220039367676,80.25704956054688,45214920712,3187,22446
22516,03,03,12.997220039367676,80.25704956054688,45214920712,3197,22516
22584,03,03,12.997220039367676,80.25704956054688,45214920712,3207,22584
22656,03,03,12.997220039367676,80.25704956054688,45214920712,3217,22656
22726,03,03,12.997220039367676,80.25704956054688,45214920712,3227,22726
22798,03,03,12.997220039367676,80.25704956054688,45214920712,3237,22798
22869,03,03,12.997220039367676,80.25704956054688,45214920712,3247,22869
22946,03,03,12.997220039367676,80.25704956054688,45214920712,3258,22946
23024,03,03,12.997220039367676,80.25704956054688,45214920712,3268,23024
23092,03,03,12.997220039367676,80.25704956054688,45214920712,3278,23092
23162,03,03,12.997220039367676,80.25704956054688,45214920712,3288,23162
23237,03,03,12.997220039367676,80.25704956054688,45214920712,3298,23237
23308,03,03,12.997220039367676,80.25704956054688,45214920712,3308,23308
23385,03,03,12.997220039367676,80.25704956054688,45214920712,3318,23385
23455,03,03,12.997220039367676,80.25704956054688,45214920712,3328,23455
23526,03,03,12.997220039367676,80.25704956054688,45214920712,3338,23526
23595,03,03,12.997220039367676,80.25704956054688,45214920712,3348,23595
23664,03,03,12.997220039367676,80.25704956054688,45214920712,3358,23664
23746,03,03,12.997220039367676,80.25704956054688,45214920712,3369,23746
23815,03,03,12.997220039367676,80.25704956054688,45214920712,3379,23815
23888,03,03,12.997220039367676,80.25704956054688,45214920712,3389,23888
23964,03,03,12.997220039367676,80.25704956054688,45214920712,3399,23964
24040,03,03,12.997220039367676,80.25704956054688,45214920712,3409,24040
24110,03,03,12.997220039367676,80.25704956054688,45214920712,3419,24110
24184,03,03,12.997220039367676,80.25704956054688,45214920712,3429,24184
24255,03,03,12.997220039367676,80.25704956054688,45214920712,3439,24255
24325,03,03,12.997220039367676,80.25704956054688,45214920712,3449,24325
24401,03,03,12.997220039367676,80.25704956054688,45214920712,3459,24401
24473,03,03,12.997220039367676,80.25704956054688,45214920712,3470,24473
24544,03,03,12.997220039367676,80.25704956054688,45214920712,3480,24544
24623,03,03,12.997220039367676,80.25704956054688,45214920712,3490,24623
24693,03,03,12.997220039367676,80.25704956054688,45214920712,3500,24693
24770,03,03,12.997220039367676,80.25704956054688,45214920712,3510,24770
24841,03,03,12.997220039367676,80.25704956054688,45214920712,3520,24841
24913,03,03,12.997220039367676,80.25704956054688,45214920712,3530,24913
24983,03,03,12.997220039367676,80.25704956054688,45214920712,3540,24983
25059,03,03,12.997220039367676,80.25704956054688,45214920712,3550,25059
25131,03,03,12.997220039367676,80.25704956054688,45214920712,3560,25131
25205,03,03,12.997220039367676,80.25704956054688,45214920712,3571,25205
25282,03,03,12.997220039367676,80.25704956054688,45214920712,3581,25282
25350,03,03,12.997220039367676,80.25704956054688,45214920712,3591,25350
25420,03,03,12.997220039367676,80.25704956054688,45214920712,3601,25420
25494,03,03,12.997220039367676,80.25704956054688,45214920712,3611,25494
25565,03,03,12.997220039367676,80.25704956054688,45214920712,3621,25565
25636,03,03,12.997220039367676,80.25704956054688,45214920712,3631,25636
25706,03,03,12.997220039367676,80.25704956054688,45214920712,3641,25706
25780,03,03,12.997220039367676,80.25704956054688,45214920712,3651,25780
25853,03,03,12.997220039367676,80.25704956054688,45214920712,3661,25853
25925,03,03,12.997220039367676,80.25704956054688,45214920712,3672,25925
25996,03,03,12.997260093688965,80.25700378417969,45214920712,3682,25996
26072,03,03,12.99746036529541,80.25700378417969,45214920712,3692,26072
26142,03,03,12.997599601745605,80.25702667236328,45214920712,3702,26142
26219,03,03,12.997599601745605,80.25702667236328,45214920712,3712,26219
26290,03,03,12.997599601745605,80.25702667236328,45214920712,3722,26290
26361,03,03,12.997599601745605,80.25702667236328,45214920712,3732,26361
26435,03,03,12.99783992767334,80.257080078125,45214920712,3742,26435
26506,03,03,12.997940063476562,80.25708770751953,45214920712,3752,26506
26576,03,03,12.997940063476562,80.25708770751953,45214920712,3762,26576
26652,03,03,12.997960090637207,80.25679016113281,45214920712,3772,26652
26724,03,03,12.997980117797852,80.25643157958984,45214920712,3783,26724
26799,03,03,12.99779987335205,80.25627136230469,45214920712,3793,26799
26869,03,03,12.99779987335205,80.2562026977539,45214920712,3803,26869
26940,03,03,12.99779987335205,80.2562026977539,45214920712,3813,26940
27011,03,03,12.99779987335205,80.2562026977539,45214920712,3823,27011
27084,03,03,12.99779987335205,80.2562026977539,45214920712,3833,27084
27152,03,03,12.99779987335205,80.2562026977539,45214920712,3843,27152
27223,03,03,12.99779987335205,80.2562026977539,45214920712,3853,27223
27298,03,03,12.99779987335205,80.2562026977539,45214920712,3863,27298
27368,03,03,12.99779987335205,80.2562026977539,45214920712,3873,27368
27441,03,03,12.99779987335205,80.2562026977539,45214920712,3884,27441
27513,03,03,12.99779987335205,80.2562026977539,45214920712,3894,27513
27585,03,03,12.99779987335205,80.2562026977539,45214920712,3904,27585
27655,03,03,12.99779987335205,80.2562026977539,45214920712,3914,27655
27726,03,03,12.99779987335205,80.2562026977539,45214920712,3924,27726
27796,03,03,12.99779987335205,80.2562026977539,45214920712,3934,27796
27867,03,03,12.99779987335205,80.2562026977539,45214920712,3944,27867
27938,03,03,12.99779987335205,80.2562026977539,45214920712,3954,27938
28008,03,03,12.99779987335205,80.2562026977539,45214920712,3964,28008
28075,03,03,12.99779987335205,80.2562026977539,45214920712,3974,28075
28154,03,03,12.99779987335205,80.2562026977539,45214920712,3985,28154
28226,03,03,12.99779987335205,80.2562026977539,45214920712,3995,28226
28298,03,03,12.99779987335205,80.2562026977539,45214920712,4005,28298
28370,03,03,12.99779987335205,80.2562026977539,45214920712,4015,28370
28440,03,03,12.99779987335205,80.2562026977539,45214920712,4025,28440
28515,03,03,12.99779987335205,80.2562026977539,45214920712,4035,28515
28583,03,03,12.99779987335205,80.2562026977539,45214920712,4045,28583
28657,03,03,12.99779987335205,80.2562026977539,45214920712,4055,28657
28725,03,03,12.99779987335205,80.2562026977539,45214920712,4065,28725
28798,03,03,12.99779987335205,80.2562026977539,45214920712,4075,28798
28876,03,03,12.99779987335205,80.2562026977539,45214920712,4086,28876
28881,03,03,12.99779987335205,80.2562026977539,45214920712,4086,28881
28946,03,03,12.99779987335205,80.2562026977539,45214920712,4096,28946
29022,03,03,12.99779987335205,80.2562026977539,45214920712,4106,29022
29090,03,03,12.99779987335205,80.2562026977539,45214920712,4116,29090
29160,03,03,12.99779987335205,80.2562026977539,45214920712,4126,29160
29231,03,03,12.99779987335205,80.2562026977539,45214920712,4136,29231
29304,03,03,12.99779987335205,80.2562026977539,45214920712,4147,29304
29385,03,03,12.99779987335205,80.2562026977539,45214920712,4158,29385
29458,03,03,12.99779987335205,80.2562026977539,45214920712,4168,29458
29528,03,03,12.99779987335205,80.2562026977539,45214920712,4178,29528
29599,03,03,12.99779987335205,80.2562026977539,45214920712,4189,29599
29671,03,03,12.99779987335205,80.2562026977539,45214920712,4199,29671
29743,03,03,12.99779987335205,80.2562026977539,45214920712,4209,29743
29814,03,03,12.99779987335205,80.2562026977539,45214920712,4219,29814
29887,03,03,12.99779987335205,80.2562026977539,45214920712,4229,29887
29964,03,03,12.99779987335205,80.2562026977539,45214920712,4239,29964
30029,03,03,12.99779987335205,80.2562026977539,45214920712,4249,30029
30100,03,03,12.99779987335205,80.2562026977539,45214920712,4259,30100
30170,03,03,12.99779987335205,80.2562026977539,45214920712,4269,30170
30241,03,03,12.99779987335205,80.2562026977539,45214920712,4279,30241
30312,03,03,12.99779987335205,80.2562026977539,45214920712,4289,30312
30385,03,03,12.99779987335205,80.2562026977539,45214920712,4300,30385
30455,03,03,12.99779987335205,80.2562026977539,45214920712,4310,30455
30526,03,03,12.99779987335205,80.2562026977539,45214920712,4320,30526
30595,03,03,12.99779987335205,80.2562026977539,45214920712,4330,30595
30666,03,03,12.99779987335205,80.2562026977539,45214920712,4340,30666
30740,03,03,12.99779987335205,80.2562026977539,45214920712,4350,30740
30811,03,03,12.99779987335205,80.2562026977539,45214920712,4360,30811
30884,03,03,12.99779987335205,80.2562026977539,45214920712,4370,30884
30956,03,03,12.99779987335205,80.2562026977539,45214920712,4380,30956
31027,03,03,12.99779987335205,80.2562026977539,45214920712,4390,31027
31098,03,03,12.99779987335205,80.2562026977539,45214920712,4401,31098
31169,03,03,12.99779987335205,80.2562026977539,45214920712,4411,31169
31240,03,03,12.99779987335205,80.2562026977539,45214920712,4421,31240
31310,03,03,12.99779987335205,80.2562026977539,45214920712,4431,31310
31381,03,03,12.99779987335205,80.2562026977539,45214920712,4441,31381
31452,03,03,12.99779987335205,80.2562026977539,45214920712,4451,31452
31524,03,03,12.99779987335205,80.2562026977539,45214920712,4461,31524
31597,03,03,12.99779987335205,80.2562026977539,45214920712,4471,31597
31671,03,03,12.99779987335205,80.2562026977539,45214920712,4481,31671
31739,03,03,12.99779987335205,80.2562026977539,45214920712,4491,31739
31810,03,03,12.99779987335205,80.2562026977539,45214920712,4502,31810
31881,03,03,12.99779987335205,80.2562026977539,45214920712,4512,31881
31951,03,03,12.99779987335205,80.2562026977539,45214920712,4522,31951
32023,03,03,12.99779987335205,80.2562026977539,45214920712,4532,32023
32094,03,03,12.99779987335205,80.2562026977539,45214920712,4542,32094
32166,03,03,12.99779987335205,80.2562026977539,45214920712,4552,32166
32237,03,03,12.99779987335205,80.2562026977539,45214920712,4562,32237
32308,03,03,12.99779987335205,80.2562026977539,45214920712,4572,32308
32377,03,03,12.99779987335205,80.2562026977539,45214920712,4582,32377
32450,03,03,12.99779987335205,80.2562026977539,45214920712,4592,32450
32524,03,03,12.99779987335205,80.2562026977539,45214920712,4603,32524
32592,03,03,12.99779987335205,80.2562026977539,45214920712,4613,32592
32662,03,03,12.99779987335205,80.2562026977539,45214920712,4623,32662
32732,03,03,12.99779987335205,80.2562026977539,45214920712,4633,32732
32806,03,03,12.99779987335205,80.2562026977539,45214920712,4643,32806
32875,03,03,12.99779987335205,80.2562026977539,45214920712,4653,32875
32947,03,03,12.99779987335205,80.2562026977539,45214920712,4663,32947
33017,03,03,12.99779987335205,80.2562026977539,45214920712,4673,33017
33089,03,03,12.99779987335205,80.2562026977539,45214920712,4683,33089
33158,03,03,12.99779987335205,80.2562026977539,45214920712,4693,33158
33226,03,03,12.997679710388184,80.25608825683594,45214920712,4703,33226
33301,03,03,12.997679710388184,80.25608825683594,45214920712,4714,33301
33370,03,03,12.997679710388184,80.25608825683594,45214920712,4724,33370
33442,03,03,12.997679710388184,80.25608825683594,45214920712,4734,33442
33515,03,03,12.997679710388184,80.25608825683594,45214920712,4744,33515
33591,03,03,12.997679710388184,80.25608825683594,45214920712,4754,33591
33661,03,03,12.997679710388184,80.25608825683594,45214920712,4764,33661
33730,03,03,12.997679710388184,80.25608825683594,45214920712,4774,33730
33800,03,03,12.997679710388184,80.25608825683594,45214920712,4784,33800
33874,03,03,12.997679710388184,80.25608825683594,45214920712,4794,33874
33940,03,03,12.997679710388184,80.25608825683594,45214920712,4804,33940
34016,03,03,12.997679710388184,80.25608825683594,45214920712,4815,34016
34083,03,03,12.997679710388184,80.25608825683594,45214920712,4825,34083
34156,03,03,12.997679710388184,80.25608825683594,45214920712,4835,34156
34225,03,03,12.997679710388184,80.25608825683594,45214920712,4845,34225
34299,03,03,12.997679710388184,80.25608825683594,45214920712,4855,34299
34369,03,03,12.997679710388184,80.25608825683594,45214920712,4865,34369
34440,03,03,12.997679710388184,80.25608825683594,45214920712,4875,34440
34512,03,03,12.997879981994629,80.25615692138672,45214920712,4885,34512
34583,03,03,12.997879981994629,80.25615692138672,45214920712,4895,34583
34649,03,03,12.997879981994629,80.25615692138672,45214920712,4905,34649
34723,03,03,12.997879981994629,80.25615692138672,45214920712,4916,34723
34796,03,03,12.997879981994629,80.25615692138672,45214920712,4926,34796
34865,03,03,12.997879981994629,80.25615692138672,45214920712,4936,34865
34935,03,03,12.997879981994629,80.25615692138672,45214920712,4946,34935
35009,03,03,12.997879981994629,80.25615692138672,45214920712,4956,35009
35078,03,03,12.997879981994629,80.25615692138672,45214920712,4966,35078
35158,03,03,12.997879981994629,80.25615692138672,45214920712,4976,35158
35222,03,03,12.997879981994629,80.25615692138672,45214920712,4986,35222
35292,03,03,12.997879981994629,80.25615692138672,45214920712,4996,35292
35361,03,03,12.997879981994629,80.25615692138672,45214920712,5006,35361
35444,03,03,12.997879981994629,80.25615692138672,45214920712,5017,35444
35512,03,03,12.997879981994629,80.25615692138672,45214920712,5027,35512
35583,03,03,12.997879981994629,80.25615692138672,45214920712,5037,35583
35657,03,03,12.997879981994629,80.25615692138672,45214920712,5047,35657
35726,03,03,12.997879981994629,80.25615692138672,45214920712,5057,35726
35801,03,03,12.997879981994629,80.25615692138672,45214920712,5067,35801
35870,03,03,12.997879981994629,80.25615692138672,45214920712,5077,35870
35939,03,03,12.997879981994629,80.25615692138672,45214920712,5087,35939
36013,03,03,12.997879981994629,80.25615692138672,45214920712,5097,36013
36083,03,03,12.997879981994629,80.25615692138672,45214920712,5107,36083
36158,03,03,12.997879981994629,80.25615692138672,45214920712,5118,36158
36223,03,03,12.997879981994629,80.25615692138672,45214920712,5128,36223
36296,03,03,12.997879981994629,80.25615692138672,45214920712,5138,36296
36372,03,03,12.997879981994629,80.25615692138672,45214920712,5148,36372
36440,03,03,12.997879981994629,80.25615692138672,45214920712,5158,36440
36511,03,03,12.997879981994629,80.25615692138672,45214920712,5168,36511
36584,03,03,12.997879981994629,80.25615692138672,45214920712,5178,36584
36656,03,03,12.997879981994629,80.25615692138672,45214920712,5188,36656
36728,03,03,12.997879981994629,80.25615692138672,45214920712,5198,36728
36799,03,03,12.997879981994629,80.25615692138672,45214920712,5208,36799
36870,03,03,12.997879981994629,80.25615692138672,45214920712,5218,36870
36949,03,03,12.997879981994629,80.25615692138672,45214920712,5229,36949
37015,03,03,12.997879981994629,80.25615692138672,45214920712,5239,37015
37085,03,03,12.997879981994629,80.25615692138672,45214920712,5249,37085
37159,03,03,12.997879981994629,80.25615692138672,45214920712,5259,37159
37228,03,03,12.997879981994629,80.25615692138672,45214920712,5269,37228
37298,03,03,12.997879981994629,80.25615692138672,45214920712,5279,37298
37374,03,03,12.997879981994629,80.25615692138672,45214920712,5289,37374
37382,03,03,12.997879981994629,80.25615692138672,45214920712,5289,37382
37458,03,03,12.997879981994629,80.25615692138672,45214920712,5299,37458
37527,03,03,12.997879981994629,80.25615692138672,45214920712,5309,37527
37592,03,03,12.997879981994629,80.25615692138672,45214920712,5319,37592
37682,03,03,12.997879981994629,80.25615692138672,45214920712,5330,37682
37751,03,03,12.997879981994629,80.25615692138672,45214920712,5340,37751
37811,03,03,12.997879981994629,80.25615692138672,45214920712,5350,37811
37891,03,03,12.997879981994629,80.25615692138672,45214920712,5361,37891
37971,03,03,12.997879981994629,80.25615692138672,45214920712,5372,37971
38046,03,03,12.997879981994629,80.25615692138672,45214920712,5382,38046
38116,03,03,12.997879981994629,80.25615692138672,45214920712,5392,38116
38178,03,03,12.997879981994629,80.25615692138672,45214920712,5401,38178
38244,03,03,12.997879981994629,80.25615692138672,45214920712,5411,38244
38321,03,03,12.997879981994629,80.25615692138672,45214920712,5422,38321
38404,03,03,12.997879981994629,80.25615692138672,45214920712,5433,38404
38471,03,03,12.997879981994629,80.25615692138672,45214920712,5443,38471
38540,03,03,12.997879981994629,80.25615692138672,45214920712,5453,38540
38614,03,03,12.997879981994629,80.25615692138672,45214920712,5463,38614
38686,03,03,12.997879981994629,80.25615692138672,45214920712,5473,38686
38761,03,03,12.997879981994629,80.25615692138672,45214920712,5483,38761
38824,03,03,12.997879981994629,80.25615692138672,45214920712,5492,38824
38896,03,03,12.997879981994629,80.25615692138672,45214920712,5503,38896
38973,03,03,12.997879981994629,80.25615692138672,45214920712,5513,38973
39039,03,03,12.997879981994629,80.25615692138672,45214920712,5523,39039
39106,03,03,12.997879981994629,80.25615692138672,45214920712,5533,39106
39188,03,03,12.997879981994629,80.25615692138672,45214920712,5544,39188
39263,03,03,12.997879981994629,80.25615692138672,45214920712,5554,39263
39333,03,03,12.997879981994629,80.25615692138672,45214920712,5564,39333
39402,03,03,12.997879981994629,80.25615692138672,45214920712,5574,39402
39470,03,03,12.997879981994629,80.25615692138672,45214920712,5584,39470
39545,03,03,12.997879981994629,80.25615692138672,45214920712,5594,39545
39614,03,03,12.997879981994629,80.25615692138672,45214920712,5604,39614
39689,03,03,12.997879981994629,80.25615692138672,45214920712,5614,39689
39757,03,03,12.997879981994629,80.25615692138672,45214920712,5624,39757
39825,03,03,12.997879981994629,80.25615692138672,45214920712,5634,39825
39901,03,03,12.997879981994629,80.25615692138672,45214920712,5645,39901
39979,03,03,12.997879981994629,80.25615692138672,45214920712,5655,39979
40046,03,03,12.997879981994629,80.25615692138672,45214920712,5665,40046
40117,03,03,12.997879981994629,80.25615692138672,45214920712,5675,40117
40186,03,03,12.997879981994629,80.25615692138672,45214920712,5685,40186
40258,03,03,12.997879981994629,80.25615692138672,45214920712,5695,40258
40328,03,03,12.997879981994629,80.25615692138672,45214920712,5705,40328
40401,03,03,12.997879981994629,80.25615692138672,45214920712,5715,40401
40470,03,03,12.997879981994629,80.25615692138672,45214920712,5725,40470
40538,03,03,12.997879981994629,80.25615692138672,45214920712,5735,40538
40610,03,03,12.997879981994629,80.25615692138672,45214920712,5746,40610
40683,03,03,12.997879981994629,80.25615692138672,45214920712,5756,40683
40754,03,03,12.997879981994629,80.25615692138672,45214920712,5766,40754
40819,03,03,12.997879981994629,80.25615692138672,45214920712,5776,40819
40884,03,03,12.997879981994629,80.25615692138672,45214920712,5786,40884
40961,03,03,12.997879981994629,80.25615692138672,45214920712,5796,40961
41034,03,03,12.997879981994629,80.25615692138672,45214920712,5806,41034
41102,03,03,12.997879981994629,80.25615692138672,45214920712,5816,41102
41174,03,03,12.997879981994629,80.25615692138672,45214920712,5826,41174
41243,03,03,12.997879981994629,80.25615692138672,45214920712,5836,41243
41319,03,03,12.997879981994629,80.25615692138672,45214920712,5847,41319
41388,03,03,12.997879981994629,80.25615692138672,45214920712,5857,41388
41459,03,03,12.997879981994629,80.25615692138672,45214920712,5867,41459
41526,03,03,12.997879981994629,80.25615692138672,45214920712,5877,41526
41595,03,03,12.997879981994629,80.25615692138672,45214920712,5887,41595
41663,03,03,12.997879981994629,80.25615692138672,45214920712,5897,41663
41739,03,03,12.997879981994629,80.25615692138672,45214920712,5907,41739
41809,03,03,12.997879981994629,80.25615692138672,45214920712,5917,41809
41877,03,03,12.997879981994629,80.25615692138672,45214920712,5927,41877
41952,03,03,12.997879981994629,80.25615692138672,45214920712,5937,41952
42019,03,03,12.997879981994629,80.25615692138672,45214920712,5947,42019
42100,03,03,12.997879981994629,80.25615692138672,45214920712,5958,42100
42167,03,03,12.997879981994629,80.25615692138672,45214920712,5968,42167
42237,03,03,12.997879981994629,80.25615692138672,45214920712,5978,42237
42305,03,03,12.997879981994629,80.25615692138672,45214920712,5988,42305
42377,03,03,12.997879981994629,80.25615692138672,45214920712,5998,42377
42446,03,03,12.997879981994629,80.25615692138672,45214920712,6008,42446
42517,03,03,12.997879981994629,80.25615692138672,45214920712,6018,42517
42587,03,03,12.997879981994629,80.25615692138672,45214920712,6028,42587
42656,03,03,12.997879981994629,80.25615692138672,45214920712,6038,42656
42719,03,03,12.997879981994629,80.25615692138672,45214920712,6048,42719
42804,03,03,12.997879981994629,80.25615692138672,45214920712,6059,42804
42873,03,03,12.997879981994629,80.25615692138672,45214920712,6069,42873
42946,03,03,12.997879981994629,80.25615692138672,45214920712,6079,42946
43015,03,03,12.997879981994629,80.25615692138672,45214920712,6089,43015
43086,03,03,12.997879981994629,80.25615692138672,45214920712,6099,43086
43155,03,03,12.997879981994629,80.25615692138672,45214920712,6109,43155
43226,03,03,12.997879981994629,80.25615692138672,45214920712,6119,43226
43305,03,03,12.997879981994629,80.25615692138672,45214920712,6129,43305
43370,03,03,12.997879981994629,80.25615692138672,45214920712,6139,43370
43443,03,03,12.997879981994629,80.25615692138672,45214920712,6149,43443
43523,03,03,12.997879981994629,80.25615692138672,45214920712,6160,43523
43591,03,03,12.997879981994629,80.25615692138672,45214920712,6170,43591
43664,03,03,12.997879981994629,80.25615692138672,45214920712,6180,43664
43731,03,03,12.997879981994629,80.25615692138672,45214920712,6190,43731
43800,03,03,12.997879981994629,80.25615692138672,45214920712,6200,43800
43867,03,03,12.997879981994629,80.25615692138672,45214920712,6210,43867
43936,03,03,12.997879981994629,80.25615692138672,45214920712,6220,43936
44008,03,03,12.997879981994629,80.25615692138672,45214920712,6230,44008
44070,03,03,12.997879981994629,80.25615692138672,45214920712,6240,44070
44148,03,03,12.997879981994629,80.25615692138672,45214920712,6250,44148
44217,03,03,12.997879981994629,80.25615692138672,45214920712,6261,44217
44293,03,03,12.997879981994629,80.25615692138672,45214920712,6271,44293
44361,03,03,12.997879981994629,80.25615692138672,45214920712,6281,44361
44432,03,03,12.997879981994629,80.25615692138672,45214920712,6291,44432
44501,03,03,12.997879981994629,80.25615692138672,45214920712,6301,44501
44575,03,03,12.997879981994629,80.25615692138672,45214920712,6311,44575
44640,03,03,12.997879981994629,80.25615692138672,45214920712,6321,44640
44713,03,03,12.997879981994629,80.25615692138672,45214920712,6331,44713
44784,03,03,12.997879981994629,80.25615692138672,45214920712,6341,44784
44851,03,03,12.997879981994629,80.25615692138672,45214920712,6351,44851
44924,03,03,12.997879981994629,80.25615692138672,45214920712,6362,44924
44991,03,03,12.997879981994629,80.25615692138672,45214920712,6372,44991
45063,03,03,12.997879981994629,80.25615692138672,45214920712,6382,45063
45136,03,03,12.997879981994629,80.25615692138672,45214920712,6392,45136
45207,03,03,12.997879981994629,80.25615692138672,45214920712,6402,45207
45274,03,03,12.997879981994629,80.25615692138672,45214920712,6412,45274
45344,03,03,12.997879981994629,80.25615692138672,45214920712,6422,45344
45424,03,03,12.997879981994629,80.25615692138672,45214920712,6432,45424
45494,03,03,12.997879981994629,80.25615692138672,45214920712,6442,45494
45566,03,03,12.997879981994629,80.25615692138672,45214920712,6452,45566
45629,03,03,12.997879981994629,80.25615692138672,45214920712,6462,45629
45704,03,03,12.997879981994629,80.25615692138672,45214920712,6473,45704
45774,03,03,12.997879981994629,80.25615692138672,45214920712,6483,45774
45843,03,03,12.997879981994629,80.25615692138672,45214920712,6493,45843
45911,03,03,12.997879981994629,80.25615692138672,45214920712,6503,45911
45983,03,03,12.997879981994629,80.25615692138672,45214920712,6513,45983
46050,03,03,12.997879981994629,80.25615692138672,45214920712,6523,46050
46115,03,03,12.997879981994629,80.25615692138672,45214920712,6533,46115
46186,03,03,12.997879981994629,80.25615692138672,45214920712,6543,46186
46260,03,03,12.997879981994629,80.25615692138672,45214920712,6553,46260
46327,03,03,12.997879981994629,80.25615692138672,45214920712,6563,46327
46407,03,03,12.997879981994629,80.25615692138672,45214920712,6574,46407
46471,03,03,12.997879981994629,80.25615692138672,45214920712,6584,46471
46540,03,03,12.997879981994629,80.25615692138672,45214920712,6594,46540
46612,03,03,12.997879981994629,80.25615692138672,45214920712,6604,46612
46682,03,03,12.997879981994629,80.25615692138672,45214920712,6614,46682
46748,03,03,12.997879981994629,80.25615692138672,45214920712,6624,46748
46821,03,03,12.997879981994629,80.25615692138672,45214920712,6634,46821
46884,03,03,12.997879981994629,80.25615692138672,45214920712,6644,46884
46952,03,03,12.997879981994629,80.25615692138672,45214920712,6654,46952
47030,03,03,12.997879981994629,80.25615692138672,45214920712,6664,47030
47104,03,03,12.997879981994629,80.25615692138672,45214920712,6675,47104
47172,03,03,12.997879981994629,80.25615692138672,45214920712,6685,47172
47242,03,03,12.997879981994629,80.25615692138672,45214920712,6695,47242
47308,03,03,12.997879981994629,80.25615692138672,45214920712,6705,47308
47380,03,03,12.997879981994629,80.25615692138672,45214920712,6715,47380
47446,03,03,12.997879981994629,80.25615692138672,45214920712,6725,47446
47514,03,03,12.997879981994629,80.25615692138672,45214920712,6735,47514
47579,03,03,12.997879981994629,80.25615692138672,45214920712,6745,47579
47655,03,03,12.997879981994629,80.25615692138672,45214920712,6755,47655
47726,03,03,12.997879981994629,80.25615692138672,45214920712,6765,47726
47793,03,03,12.997879981994629,80.25615692138672,45214920712,6775,47793
47865,03,03,12.997879981994629,80.25615692138672,45214920712,6786,47865
47938,03,03,12.997879981994629,80.25615692138672,45214920712,6796,47938
48002,03,03,12.997879981994629,80.25615692138672,45214920712,6806,48002
48076,03,03,12.997879981994629,80.25615692138672,45214920712,6816,48076
48145,03,03,12.997879981994629,80.25615692138672,45214920712,6826,48145
48214,03,03,12.997879981994629,80.25615692138672,45214920712,6836,48214
48282,03,03,12.997879981994629,80.25615692138672,45214920712,6846,48282
48352,03,03,12.997879981994629,80.25615692138672,45214920712,6856,48352
48422,03,03,12.997879981994629,80.25615692138672,45214920712,6866,48422
48493,03,03,12.997879981994629,80.25615692138672,45214920712,6876,48493
48566,03,03,12.997879981994629,80.25615692138672,45214920712,6887,48566
48637,03,03,12.997879981994629,80.25615692138672,45214920712,6897,48637
48711,03,03,12.997879981994629,80.25615692138672,45214920712,6907,48711
48779,03,03,12.997879981994629,80.25615692138672,45214920712,6917,48779
48852,03,03,12.997879981994629,80.25615692138672,45214920712,6927,48852
48927,03,03,12.997879981994629,80.25615692138672,45214920712,6937,48927
48991,03,03,12.997879981994629,80.25615692138672,45214920712,6947,48991
49061,03,03,12.997879981994629,80.25615692138672,45214920712,6957,49061
49135,03,03,12.997879981994629,80.25615692138672,45214920712,6967,49135
49199,03,03,12.997879981994629,80.25615692138672,45214920712,6977,49199
49276,03,03,12.997879981994629,80.25615692138672,45214920712,6988,49276
49344,03,03,12.997879981994629,80.25615692138672,45214920712,6998,49344
49420,03,03,12.997879981994629,80.25615692138672,45214920712,7008,49420
49483,03,03,12.997879981994629,80.25615692138672,45214920712,7018,49483
49555,03,03,12.997879981994629,80.25615692138672,45214920712,7028,49555
49624,03,03,12.997879981994629,80.25615692138672,45214920712,7038,49624
49696,03,03,12.997879981994629,80.25615692138672,45214920712,7048,49696
49768,03,03,12.997879981994629,80.25615692138672,45214920712,7058,49768
49832,03,03,12.997879981994629,80.25615692138672,45214920712,7068,49832
49911,03,03,12.997879981994629,80.25615692138672,45214920712,7078,49911
49982,03,03,12.997879981994629,80.25615692138672,45214920712,7089,49982
50055,03,03,12.997879981994629,80.25615692138672,45214920712,7099,50055
50128,03,03,12.997879981994629,80.25615692138672,45214920712,7109,50128
50197,03,03,12.997879981994629,80.25615692138672,45214920712,7119,50197
50265,03,03,12.997879981994629,80.25615692138672,45214920712,7129,50265
50342,03,03,12.997879981994629,80.25615692138672,45214920712,7139,50342
50403,03,03,12.997879981994629,80.25615692138672,45214920712,7149,50403
50469,03,03,12.997879981994629,80.25615692138672,45214920712,7159,50469
50542,03,03,12.997879981994629,80.25615692138672,45214920712,7169,50542
50614,03,03,12.997879981994629,80.25615692138672,45214920712,7179,50614
50679,03,03,12.997879981994629,80.25615692138672,45214920712,7189,50679
50755,03,03,12.997879981994629,80.25615692138672,45214920712,7200,50755
50822,03,03,12.997879981994629,80.25615692138672,45214920712,7210,50822
50893,03,03,12.997879981994629,80.25615692138672,45214920712,7220,50893
50960,03,03,12.997879981994629,80.25615692138672,45214920712,7230,50960
51022,03,03,12.997879981994629,80.25615692138672,45214920712,7240,51022
51096,03,03,12.997879981994629,80.25615692138672,45214920712,7250,51096
51168,03,03,12.997879981994629,80.25615692138672,45214920712,7260,51168
51236,03,03,12.997879981994629,80.25615692138672,45214920712,7270,51236
51305,03,03,12.997879981994629,80.25615692138672,45214920712,7280,51305
51379,03,03,12.997879981994629,80.25615692138672,45214920712,7290,51379
51449,03,03,12.997879981994629,80.25615692138672,45214920712,7301,51449
51518,03,03,12.997879981994629,80.25615692138672,45214920712,7311,51518
51587,03,03,12.997879981994629,80.25615692138672,45214920712,7321,51587
51657,03,03,12.997879981994629,80.25615692138672,45214920712,7331,51657
51726,03,03,12.997879981994629,80.25615692138672,45214920712,7341,51726
51792,03,03,12.997879981994629,80.25615692138672,45214920712,7351,51792
51868,03,03,12.997879981994629,80.25615692138672,45214920712,7361,51868
51941,03,03,12.997879981994629,80.25615692138672,45214920712,7371,51941
52010,03,03,12.997879981994629,80.25615692138672,45214920712,7381,52010
52080,03,03,12.997879981994629,80.25615692138672,45214920712,7391,52080
52154,03,03,12.997879981994629,80.25615692138672,45214920712,7402,52154
52229,03,03,12.997879981994629,80.25615692138672,45214920712,7412,52229
52292,03,03,12.997879981994629,80.25615692138672,45214920712,7422,52292
52362,03,03,12.997879981994629,80.25615692138672,45214920712,7432,52362
52431,03,03,12.997879981994629,80.25615692138672,45214920712,7442,52431
52497,03,03,12.997879981994629,80.25615692138672,45214920712,7452,52497
52570,03,03,12.997879981994629,80.25615692138672,45214920712,7462,52570
52637,03,03,12.997879981994629,80.25615692138672,45214920712,7472,52637
52714,03,03,12.997879981994629,80.25615692138672,45214920712,7482,52714
52783,03,03,12.997879981994629,80.25615692138672,45214920712,7492,52783
52857,03,03,12.997879981994629,80.25615692138672,45214920712,7503,52857
52929,03,03,12.997879981994629,80.25615692138672,45214920712,7513,52929
53001,03,03,12.997879981994629,80.25615692138672,45214920712,7523,53001
53069,03,03,12.997879981994629,80.25615692138672,45214920712,7533,53069
53138,03,03,12.997879981994629,80.25615692138672,45214920712,7543,53138
53202,03,03,12.997879981994629,80.25615692138672,45214920712,7553,53202
53276,03,03,12.997879981994629,80.25615692138672,45214920712,7563,53276
53341,03,03,12.997879981994629,80.25615692138672,45214920712,7573,53341
53412,03,03,12.997879981994629,80.25615692138672,45214920712,7583,53412
53486,03,03,12.997879981994629,80.25615692138672,45214920712,7593,53486
53557,03,03,12.997879981994629,80.25615692138672,45214920712,7604,53557
53627,03,03,12.997879981994629,80.25615692138672,45214920712,7614,53627
53698,03,03,12.997879981994629,80.25615692138672,45214920712,7624,53698
53765,03,03,12.997879981994629,80.25615692138672,45214920712,7634,53765
53838,03,03,12.997879981994629,80.25615692138672,45214920712,7644,53838
53903,03,03,12.997879981994629,80.25615692138672,45214920712,7654,53903
53975,03,03,12.997879981994629,80.25615692138672,45214920712,7664,53975
54046,03,03,12.997879981994629,80.25615692138672,45214920712,7674,54046
54116,03,03,12.997879981994629,80.25615692138672,45214920712,7684,54116
54184,03,03,12.997879981994629,80.25615692138672,45214920712,7694,54184
54252,03,03,12.997879981994629,80.25615692138672,45214920712,7704,54252
54328,03,03,12.997879981994629,80.25615692138672,45214920712,7715,54328
54398,03,03,12.997879981994629,80.25615692138672,45214920712,7725,54398
54466,03,03,12.997879981994629,80.25615692138672,45214920712,7735,54466
54540,03,03,12.997879981994629,80.25615692138672,45214920712,7745,54540
54608,03,03,12.997879981994629,80.25615692138672,45214920712,7755,54608
54677,03,03,12.997879981994629,80.25615692138672,45214920712,7765,54677
54747,03,03,12.997879981994629,80.25615692138672,45214920712,7775,54747
54818,03,03,12.997879981994629,80.25615692138672,45214920712,7785,54818
54888,03,03,12.997879981994629,80.25615692138672,45214920712,7795,54888
54956,03,03,12.997879981994629,80.25615692138672,45214920712,7805,54956
55031,03,03,12.997879981994629,80.25615692138672,45214920712,7816,55031
55101,03,03,12.997879981994629,80.25615692138672,45214920712,7826,55101
55171,03,03,12.997879981994629,80.25615692138672,45214920712,7836,55171
55243,03,03,12.997879981994629,80.25615692138672,45214920712,7846,55243
55314,03,03,12.997879981994629,80.25615692138672,45214920712,7856,55314
55386,03,03,12.997879981994629,80.25615692138672,45214920712,7866,55386
55456,03,03,12.997879981994629,80.25615692138672,45214920712,7876,55456
55525,03,03,12.997879981994629,80.25615692138672,45214920712,7886,55525
55597,03,03,12.997879981994629,80.25615692138672,45214920712,7896,55597
55662,03,03,12.997879981994629,80.25615692138672,45214920712,7906,55662
55734,03,03,12.997879981994629,80.25615692138672,45214920712,7916,55734
55804,03,03,12.997879981994629,80.25615692138672,45214920712,7927,55804
55875,03,03,12.997879981994629,80.25615692138672,45214920712,7937,55875
55940,03,03,12.997879981994629,80.25615692138672,45214920712,7947,55940
56011,03,03,12.997879981994629,80.25615692138672,45214920712,7957,56011
56078,03,03,12.997879981994629,80.25615692138672,45214920712,7967,56078
56146,03,03,12.997879981994629,80.25615692138672,45214920712,7977,56146
56215,03,03,12.997879981994629,80.25615692138672,45214920712,7987,56215
56285,03,03,12.997879981994629,80.25615692138672,45214920712,7997,56285
56355,03,03,12.997879981994629,80.25615692138672,45214920712,8007,56355
56423,03,03,12.997879981994629,80.25615692138672,45214920712,8017,56423
56502,03,03,12.997879981994629,80.25615692138672,45214920712,8028,56502
56570,03,03,12.997879981994629,80.25615692138672,45214920712,8038,56570
56641,03,03,12.997879981994629,80.25615692138672,45214920712,8048,56641
56711,03,03,12.997879981994629,80.25615692138672,45214920712,8058,56711
56782,03,03,12.997879981994629,80.25615692138672,45214920712,8068,56782
56849,03,03,12.997879981994629,80.25615692138672,45214920712,8078,56849
56918,03,03,12.997879981994629,80.25615692138672,45214920712,8088,56918
56988,03,03,12.997879981994629,80.25615692138672,45214920712,8098,56988
57053,03,03,12.997879981994629,80.25615692138672,45214920712,8108,57053
57128,03,03,12.997879981994629,80.25615692138672,45214920712,8118,57128
57198,03,03,12.997879981994629,80.25615692138672,45214920712,8129,57198
57270,03,03,12.997879981994629,80.25615692138672,45214920712,8139,57270
57338,03,03,12.997879981994629,80.25615692138672,45214920712,8149,57338
57410,03,03,12.997879981994629,80.25615692138672,45214920712,8159,57410
57476,03,03,12.997879981994629,80.25615692138672,45214920712,8169,57476
57545,03,03,12.997879981994629,80.25615692138672,45214920712,8179,57545
57613,03,03,12.997879981994629,80.25615692138672,45214920712,8189,57613
57683,03,03,12.997879981994629,80.25615692138672,45214920712,8199,57683
57755,03,03,12.997879981994629,80.25615692138672,45214920712,8209,57755
57822,03,03,12.997879981994629,80.25615692138672,45214920712,8219,57822
57894,03,03,12.997879981994629,80.25615692138672,45214920712,8230,57894
57963,03,03,12.997879981994629,80.25615692138672,45214920712,8240,57963
58032,03,03,12.997879981994629,80.25615692138672,45214920712,8250,58032
58103,03,03,12.997879981994629,80.25615692138672,45214920712,8260,58103
58170,03,03,12.997879981994629,80.25615692138672,45214920712,8270,58170
58241,03,03,12.997879981994629,80.25615692138672,45214920712,8280,58241
58311,03,03,12.997879981994629,80.25615692138672,45214920712,8290,58311
58376,03,03,12.997879981994629,80.25615692138672,45214920712,8300,58376
58451,03,03,12.997879981994629,80.25615692138672,45214920712,8310,58451
58516,03,03,12.997879981994629,80.25615692138672,45214920712,8320,58516
58589,03,03,12.997879981994629,80.25615692138672,45214920712,8330,58589
58659,03,03,12.997879981994629,80.25615692138672,45214920712,8341,58659
58730,03,03,12.997879981994629,80.25615692138672,45214920712,8351,58730
58798,03,03,12.997879981994629,80.25615692138672,45214920712,8361,58798
58866,03,03,12.997879981994629,80.25615692138672,45214920712,8371,58866
58932,03,03,12.997879981994629,80.25615692138672,45214920712,8381,58932
59004,03,03,12.997879981994629,80.25615692138672,45214920712,8391,59004
59076,03,03,12.997879981994629,80.25615692138672,45214920712,8401,59076
59144,03,03,12.997879981994629,80.25615692138672,45214920712,8411,59144
59209,03,03,12.997879981994629,80.25615692138672,45214920712,8421,59209
59280,03,03,12.997879981994629,80.25615692138672,45214920712,8431,59280
59354,03,03,12.997879981994629,80.25615692138672,45214920712,8442,59354
59422,03,03,12.997879981994629,80.25615692138672,45214920712,8452,59422
59492,03,03,12.997879981994629,80.25615692138672,45214920712,8462,59492
59561,03,03,12.997879981994629,80.25615692138672,45214920712,8472,59561
59631,03,03,12.997879981994629,80.25615692138672,45214920712,8482,59631
59703,03,03,12.997879981994629,80.25615692138672,45214920712,8492,59703
59769,03,03,12.997879981994629,80.25615692138672,45214920712,8502,59769
59841,03,03,12.997879981994629,80.25615692138672,45214920712,8512,59841
59906,03,03,12.997879981994629,80.25615692138672,45214920712,8522,59906
59979,03,03,12.997879981994629,80.25615692138672,45214920712,8532,59979
60048,03,03,12.997879981994629,80.25615692138672,45214920712,8543,60048
60116,03,03,12.997879981994629,80.25615692138672,45214920712,8553,60116
60182,03,03,12.997879981994629,80.25615692138672,45214920712,8563,60182
60250,03,03,12.997879981994629,80.25615692138672,45214920712,8573,60250
60321,03,03,12.997879981994629,80.25615692138672,45214920712,8583,60321
60386,03,03,12.997879981994629,80.25615692138672,45214920712,8593,60386
60456,03,03,12.997879981994629,80.25615692138672,45214920712,8603,60456
60528,03,03,12.997879981994629,80.25615692138672,45214920712,8613,60528
60594,03,03,12.997879981994629,80.25615692138672,45214920712,8623,60594
60665,03,03,12.997879981994629,80.25615692138672,45214920712,8633,60665
60734,03,03,12.997879981994629,80.25615692138672,45214920712,8643,60734
60807,03,03,12.997879981994629,80.25615692138672,45214920712,8654,60807
60878,03,03,12.997879981994629,80.25615692138672,45214920712,8664,60878
60946,03,03,12.997879981994629,80.25615692138672,45214920712,8674,60946
61018,03,03,12.997879981994629,80.25615692138672,45214920712,8684,61018
61087,03,03,12.997879981994629,80.25615692138672,45214920712,8694,61087
61154,03,03,12.997879981994629,80.25615692138672,45214920712,8704,61154
61225,03,03,12.997879981994629,80.25615692138672,45214920712,8714,61225
61293,03,03,12.997879981994629,80.25615692138672,45214920712,8724,61293
61363,03,03,12.997879981994629,80.25615692138672,45214920712,8734,61363
61431,03,03,12.997879981994629,80.25615692138672,45214920712,8744,61431
61505,03,03,12.997879981994629,80.25615692138672,45214920712,8755,61505
61574,03,03,12.997879981994629,80.25615692138672,45214920712,8765,61574
61643,03,03,12.997879981994629,80.25615692138672,45214920712,8775,61643
61710,03,03,12.997879981994629,80.25615692138672,45214920712,8785,61710
61784,03,03,12.997879981994629,80.25615692138672,45214920712,8795,61784
61852,03,03,12.997879981994629,80.25615692138672,45214920712,8805,61852
61920,03,03,12.997879981994629,80.25615692138672,45214920712,8815,61920
61986,03,03,12.997879981994629,80.25615692138672,45214920712,8825,61986
62053,03,03,12.997879981994629,80.25615692138672,45214920712,8835,62053
62123,03,03,12.997879981994629,80.25615692138672,45214920712,8845,62123
62191,03,03,12.997879981994629,80.25615692138672,45214920712,8856,62191
62263,03,03,12.997879981994629,80.25615692138672,45214920712,8866,62263
62329,03,03,12.997879981994629,80.25615692138672,45214920712,8876,62329
62395,03,03,12.997879981994629,80.25615692138672,45214920712,8886,62395
62478,03,03,12.997879981994629,80.25615692138672,45214920712,8896,62478
62550,03,03,12.997879981994629,80.25615692138672,45214920712,8906,62550
62614,03,03,12.997879981994629,80.25615692138672,45214920712,8915,62614
62688,03,03,12.997879981994629,80.25615692138672,45214920712,8926,62688
62760,03,03,12.997879981994629,80.25615692138672,45214920712,8936,62760
62828,03,03,12.997879981994629,80.25615692138672,45214920712,8946,62828
62897,03,03,12.997879981994629,80.25615692138672,45214920712,8956,62897
62966,03,03,12.997879981994629,80.25615692138672,45214920712,8967,62966
63035,03,03,12.997879981994629,80.25615692138672,45214920712,8977,63035
63110,03,03,12.997879981994629,80.25615692138672,45214920712,8987,63110
63173,03,03,12.997879981994629,80.25615692138672,45214920712,8997,63173
63243,03,03,12.997879981994629,80.25615692138672,45214920712,9007,63243
63309,03,03,12.997879981994629,80.25615692138672,45214920712,9017,63309
63379,03,03,12.997879981994629,80.25615692138672,45214920712,9027,63379
63444,03,03,12.997879981994629,80.25615692138672,45214920712,9037,63444
63511,03,03,12.997879981994629,80.25615692138672,45214920712,9047,63511
63581,03,03,12.997879981994629,80.25615692138672,45214920712,9057,63581
63650,03,03,12.997879981994629,80.25615692138672,45214920712,9068,63650
63722,03,03,12.997879981994629,80.25615692138672,45214920712,9078,63722
63790,03,03,12.997879981994629,80.25615692138672,45214920712,9088,63790
63859,03,03,12.997879981994629,80.25615692138672,45214920712,9098,63859
63926,03,03,12.997879981994629,80.25615692138672,45214920712,9108,63926
63997,03,03,12.997879981994629,80.25615692138672,45214920712,9118,63997
64063,03,03,12.997879981994629,80.25615692138672,45214920712,9128,64063
64132,03,03,12.997879981994629,80.25615692138672,45214920712,9138,64132
64202,03,03,12.997879981994629,80.25615692138672,45214920712,9148,64202
64271,03,03,12.997879981994629,80.25615692138672,45214920712,9158,64271
64344,03,03,12.997879981994629,80.25615692138672,45214920712,9169,64344
64411,03,03,12.997879981994629,80.25615692138672,45214920712,9179,64411
64479,03,03,12.997879981994629,80.25615692138672,45214920712,9189,64479
64548,03,03,12.997879981994629,80.25615692138672,45214920712,9199,64548
64617,03,03,12.997879981994629,80.25615692138672,45214920712,9209,64617
64685,03,03,12.997879981994629,80.25615692138672,45214920712,9219,64685
64754,03,03,12.997879981994629,80.25615692138672,45214920712,9229,64754
64821,03,03,12.997879981994629,80.25615692138672,45214920712,9239,64821
64892,03,03,12.997879981994629,80.25615692138672,45214920712,9249,64892
64958,03,03,12.997879981994629,80.25615692138672,45214920712,9259,64958
65034,03,03,12.997879981994629,80.25615692138672,45214920712,9270,65034
65102,03,03,12.997879981994629,80.25615692138672,45214920712,9280,65102
65172,03,03,12.997879981994629,80.25615692138672,45214920712,9290,65172
65241,03,03,12.997879981994629,80.25615692138672,45214920712,9300,65241
65309,03,03,12.997879981994629,80.25615692138672,45214920712,9310,65309
65377,03,03,12.997879981994629,80.25615692138672,45214920712,9320,65377
65444,03,03,12.997879981994629,80.25615692138672,45214920712,9330,65444
65514,03,03,12.997879981994629,80.25615692138672,45214920712,9340,65514
65581,03,03,12.997879981994629,80.25615692138672,45214920712,9350,65581
65650,03,03,12.997879981994629,80.25615692138672,45214920712,9360,65650
65719,03,03,12.997879981994629,80.25615692138672,45214920712,9371,65719
65784,03,03,12.997879981994629,80.25615692138672,45214920712,9381,65784
65859,03,03,12.997879981994629,80.25615692138672,45214920712,9391,65859
65926,03,03,12.997879981994629,80.25615692138672,45214920712,9401,65926
65992,03,03,12.997879981994629,80.25615692138672,45214920712,9411,65992
66062,03,03,12.997879981994629,80.25615692138672,45214920712,9421,66062
66131,03,03,12.997879981994629,80.25615692138672,45214920712,9431,66131
66197,03,03,12.997879981994629,80.25615692138672,45214920712,9441,66197
66265,03,03,12.997879981994629,80.25615692138672,45214920712,9451,66265
66333,03,03,12.997879981994629,80.25615692138672,45214920712,9461,66333
66405,03,03,12.997879981994629,80.25615692138672,45214920712,9471,66405
66475,03,03,12.997879981994629,80.25615692138672,45214920712,9482,66475
66542,03,03,12.997879981994629,80.25615692138672,45214920712,9492,66542
66610,03,03,12.997879981994629,80.25615692138672,45214920712,9502,66610
66678,03,03,12.997879981994629,80.25615692138672,45214920712,9512,66678
66744,03,03,12.997879981994629,80.25615692138672,45214920712,9522,66744
66814,03,03,12.997879981994629,80.25615692138672,45214920712,9532,66814
66880,03,03,12.997879981994629,80.25615692138672,45214920712,9542,66880
66948,03,03,12.997879981994629,80.25615692138672,45214920712,9552,66948
67017,03,03,12.997879981994629,80.25615692138672,45214920712,9562,67017
67084,03,03,12.997879981994629,80.25615692138672,45214920712,9572,67084
67156,03,03,12.997879981994629,80.25615692138672,45214920712,9583,67156
67219,03,03,12.997879981994629,80.25615692138672,45214920712,9593,67219
67288,03,03,12.997879981994629,80.25615692138672,45214920712,9603,67288
67362,03,03,12.997879981994629,80.25615692138672,45214920712,9613,67362
67427,03,03,12.997879981994629,80.25615692138672,45214920712,9623,67427
67495,03,03,12.997879981994629,80.25615692138672,45214920712,9633,67495
67567,03,03,12.997879981994629,80.25615692138672,45214920712,9643,67567
67636,03,03,12.997879981994629,80.25615692138672,45214920712,9653,67636
67703,03,03,12.997879981994629,80.25615692138672,45214920712,9663,67703
67772,03,03,12.997879981994629,80.25615692138672,45214920712,9673,67772
67843,03,03,12.997879981994629,80.25615692138672,45214920712,9684,67843
67912,03,03,12.997879981994629,80.25615692138672,45214920712,9694,67912
67982,03,03,12.997879981994629,80.25615692138672,45214920712,9704,67982
68047,03,03,12.997879981994629,80.25615692138672,45214920712,9714,68047
68119,03,03,12.997879981994629,80.25615692138672,45214920712,9724,68119
68185,03,03,12.997879981994629,80.25615692138672,45214920712,9734,68185
68256,03,03,12.997879981994629,80.25615692138672,45214920712,9744,68256
68326,03,03,12.997879981994629,80.25615692138672,45214920712,9754,68326
68395,03,03,12.997879981994629,80.25615692138672,45214920712,9764,68395
68465,03,03,12.997879981994629,80.25615692138672,45214920712,9774,68465
68534,03,03,12.997879981994629,80.25615692138672,45214920712,9784,68534
68607,03,03,12.997879981994629,80.25615692138672,45214920712,9795,68607
68676,03,03,12.997879981994629,80.25615692138672,45214920712,9805,68676
68745,03,03,12.997879981994629,80.25615692138672,45214920712,9815,68745
68813,03,03,12.997879981994629,80.25615692138672,45214920712,9825,68813
68881,03,03,12.997879981994629,80.25615692138672,45214920712,9835,68881
68951,03,03,12.997879981994629,80.25615692138672,45214920712,9845,68951
69018,03,03,12.997879981994629,80.25615692138672,45214920712,9855,69018
69087,03,03,12.997879981994629,80.25615692138672,45214920712,9865,69087
69161,03,03,12.997879981994629,80.25615692138672,45214920712,9875,69161
69228,03,03,12.997879981994629,80.25615692138672,45214920712,9885,69228
69300,03,03,12.997879981994629,80.25615692138672,45214920712,9896,69300
69374,03,03,12.997879981994629,80.25615692138672,45214920712,9906,69374
69441,03,03,12.997879981994629,80.25615692138672,45214920712,9916,69441
69510,03,03,12.997879981994629,80.25615692138672,45214920712,9926,69510
69579,03,03,12.997879981994629,80.25615692138672,45214920712,9936,69579
69650,03,03,12.997879981994629,80.25615692138672,45214920712,9946,69650
69719,03,03,12.997879981994629,80.25615692138672,45214920712,9956,69719
69787,03,03,12.997879981994629,80.25615692138672,45214920712,9966,69787
69855,03,03,12.997879981994629,80.25615692138672,45214920712,9976,69855
69925,03,03,12.997879981994629,80.25615692138672,45214920712,9986,69925
69997,03,03,12.997879981994629,80.25615692138672,45214920712,9997,69997
70064,03,03,12.997879981994629,80.25615692138672,45214920712,10007,70064
70134,03,03,12.997879981994629,80.25615692138672,45214920712,10017,70134
70203,03,03,12.997879981994629,80.25615692138672,45214920712,10027,70203
70274,03,03,12.997879981994629,80.25615692138672,45214920712,10037,70274
70344,03,03,12.997879981994629,80.25615692138672,45214920712,10047,70344
70411,03,03,12.997879981994629,80.25615692138672,45214920712,10057,70411
70483,03,03,12.997879981994629,80.25615692138672,45214920712,10067,70483
70550,03,03,12.997879981994629,80.25615692138672,45214920712,10077,70550
70620,03,03,12.997879981994629,80.25615692138672,45214920712,10087,70620
70688,03,03,12.997879981994629,80.25615692138672,45214920712,10097,70688
70760,03,03,12.997879981994629,80.25615692138672,45214920712,10108,70760
70828,03,03,12.997879981994629,80.25615692138672,45214920712,10118,70828
70899,03,03,12.997879981994629,80.25615692138672,45214920712,10128,70899
70966,03,03,12.997879981994629,80.25615692138672,45214920712,10138,70966
71036,03,03,12.997879981994629,80.25615692138672,45214920712,10148,71036
71106,03,03,12.997879981994629,80.25615692138672,45214920712,10158,71106
71173,03,03,12.997879981994629,80.25615692138672,45214920712,10168,71173
71244,03,03,12.997879981994629,80.25615692138672,45214920712,10178,71244
71313,03,03,12.997879981994629,80.25615692138672,45214920712,10188,71313
71383,03,03,12.997879981994629,80.25615692138672,45214920712,10198,71383
71458,03,03,12.997879981994629,80.25615692138672,45214920712,10209,71458
71528,03,03,12.997879981994629,80.25615692138672,45214920712,10219,71528
71594,03,03,12.997879981994629,80.25615692138672,45214920712,10229,71594
71662,03,03,12.997879981994629,80.25615692138672,45214920712,10239,71662
71732,03,03,12.997879981994629,80.25615692138672,45214920712,10249,71732
71804,03,03,12.997879981994629,80.25615692138672,45214920712,10259,71804
71872,03,03,12.997879981994629,80.25615692138672,45214920712,10269,71872
71940,03,03,12.997879981994629,80.25615692138672,45214920712,10279,71940
72007,03,03,12.997879981994629,80.25615692138672,45214920712,10289,72007
72075,03,03,12.997879981994629,80.25615692138672,45214920712,10299,72075
72148,03,03,12.997879981994629,80.25615692138672,45214920712,10310,72148
72214,03,03,12.997879981994629,80.25615692138672,45214920712,10320,72214
72282,03,03,12.997879981994629,80.25615692138672,45214920712,10330,72282
72350,03,03,12.997879981994629,80.25615692138672,45214920712,10340,72350
72421,03,03,12.997879981994629,80.25615692138672,45214920712,10350,72421
72487,03,03,12.997879981994629,80.25615692138672,45214920712,10360,72487
72563,03,03,12.997879981994629,80.25615692138672,45214920712,10370,72563
72629,03,03,12.997879981994629,80.25615692138672,45214920712,10380,72629
72700,03,03,12.997879981994629,80.25615692138672,45214920712,10390,72700
72771,03,03,12.997879981994629,80.25615692138672,45214920712,10400,72771
72840,03,03,12.997879981994629,80.25615692138672,45214920712,10411,72840
72912,03,03,12.997879981994629,80.25615692138672,45214920712,10421,72912
72982,03,03,12.997879981994629,80.25615692138672,45214920712,10431,72982
73049,03,03,12.997879981994629,80.25615692138672,45214920712,10441,73049
73119,03,03,12.997879981994629,80.25615692138672,45214920712,10451,73119
73185,03,03,12.997879981994629,80.25615692138672,45214920712,10461,73185
73257,03,03,12.997879981994629,80.25615692138672,45214920712,10471,73257
73323,03,03,12.997879981994629,80.25615692138672,45214920712,10481,73323
73390,03,03,12.997879981994629,80.25615692138672,45214920712,10491,73390
73460,03,03,12.997879981994629,80.25615692138672,45214920712,10501,73460
73528,03,03,12.997879981994629,80.25615692138672,45214920712,10511,73528
73607,03,03,12.997879981994629,80.25615692138672,45214920712,10522,73607
73671,03,03,12.997879981994629,80.25615692138672,45214920712,10532,73671
73739,03,03,12.997879981994629,80.25615692138672,45214920712,10542,73739
73810,03,03,12.997879981994629,80.25615692138672,45214920712,10552,73810
73880,03,03,12.997879981994629,80.25615692138672,45214920712,10562,73880
73946,03,03,12.997879981994629,80.25615692138672,45214920712,10572,73946
74017,03,03,12.997879981994629,80.25615692138672,45214920712,10582,74017
74087,03,03,12.997879981994629,80.25615692138672,45214920712,10592,74087
74157,03,03,12.997879981994629,80.25615692138672,45214920712,10602,74157
74225,03,03,12.997879981994629,80.25615692138672,45214920712,10612,74225
74294,03,03,12.997879981994629,80.25615692138672,45214920712,10623,74294
74364,03,03,12.997879981994629,80.25615692138672,45214920712,10633,74364
74432,03,03,12.997879981994629,80.25615692138672,45214920712,10643,74432
74500,03,03,12.997879981994629,80.25615692138672,45214920712,10653,74500
74572,03,03,12.997879981994629,80.25615692138672,45214920712,10663,74572
74641,03,03,12.997879981994629,80.25615692138672,45214920712,10673,74641
74711,03,03,12.997879981994629,80.25615692138672,45214920712,10683,74711
74781,03,03,12.997879981994629,80.25615692138672,45214920712,10693,74781
74850,03,03,12.997879981994629,80.25615692138672,45214920712,10703,74850
74918,03,03,12.997879981994629,80.25615692138672,45214920712,10713,74918
74990,03,03,12.997879981994629,80.25615692138672,45214920712,10724,74990
75066,03,03,12.997879981994629,80.25615692138672,45214920712,10734,75066
75132,03,03,12.997879981994629,80.25615692138672,45214920712,10744,75132
75199,03,03,12.997879981994629,80.25615692138672,45214920712,10754,75199
75268,03,03,12.997879981994629,80.25615692138672,45214920712,10764,75268
75338,03,03,12.997879981994629,80.25615692138672,45214920712,10774,75338
75404,03,03,12.997879981994629,80.25615692138672,45214920712,10784,75404
75478,03,03,12.997879981994629,80.25615692138672,45214920712,10794,75478
75545,03,03,12.997879981994629,80.25615692138672,45214920712,10804,75545
75614,03,03,12.997879981994629,80.25615692138672,45214920712,10814,75614
75678,03,03,12.997879981994629,80.25615692138672,45214920712,10824,75678
75754,03,03,12.997879981994629,80.25615692138672,45214920712,10835,75754
75821,03,03,12.997879981994629,80.25615692138672,45214920712,10845,75821
75890,03,03,12.997879981994629,80.25615692138672,45214920712,10855,75890
75961,03,03,12.997879981994629,80.25615692138672,45214920712,10865,75961
76031,03,03,12.997879981994629,80.25615692138672,45214920712,10875,76031
76099,03,03,12.997879981994629,80.25615692138672,45214920712,10885,76099
76167,03,03,12.997879981994629,80.25615692138672,45214920712,10895,76167
76240,03,03,12.997879981994629,80.25615692138672,45214920712,10905,76240
76309,03,03,12.997879981994629,80.25615692138672,45214920712,10915,76309
76381,03,03,12.997879981994629,80.25615692138672,45214920712,10925,76381
76452,03,03,12.997879981994629,80.25615692138672,45214920712,10936,76452
76519,03,03,12.997879981994629,80.25615692138672,45214920712,10946,76519
76589,03,03,12.997879981994629,80.25615692138672,45214920712,10956,76589
76658,03,03,12.997879981994629,80.25615692138672,45214920712,10966,76658
76725,03,03,12.997879981994629,80.25615692138672,45214920712,10976,76725
76795,03,03,12.997879981994629,80.25615692138672,45214920712,10986,76795
76863,03,03,12.997879981994629,80.25615692138672,45214920712,10996,76863
76934,03,03,12.997879981994629,80.25615692138672,45214920712,11006,76934
77005,03,03,12.997879981994629,80.25615692138672,45214920712,11016,77005
77071,03,03,12.997879981994629,80.25615692138672,45214920712,11026,77071
77152,03,03,12.997879981994629,80.25615692138672,45214920712,11037,77152
77221,03,03,12.997879981994629,80.25615692138672,45214920712,11047,77221
77284,03,03,12.997879981994629,80.25615692138672,45214920712,11057,77284
77352,03,03,12.997879981994629,80.25615692138672,45214920712,11067,77352
77421,03,03,12.997879981994629,80.25615692138672,45214920712,11077,77421
77491,03,03,12.997879981994629,80.25615692138672,45214920712,11087,77491
77558,03,03,12.997879981994629,80.25615692138672,45214920712,11097,77558
77629,03,03,12.997879981994629,80.25615692138672,45214920712,11107,77629
77696,03,03,12.997879981994629,80.25615692138672,45214920712,11117,77696
77767,03,03,12.997879981994629,80.25615692138672,45214920712,11127,77767
77838,03,03,12.997879981994629,80.25615692138672,45214920712,11138,77838
77907,03,03,12.997879981994629,80.25615692138672,45214920712,11148,77907
77977,03,03,12.997879981994629,80.25615692138672,45214920712,11158,77977
78048,03,03,12.997879981994629,80.25615692138672,45214920712,11168,78048
78121,03,03,12.997879981994629,80.25615692138672,45214920712,11178,78121
78185,03,03,12.997879981994629,80.25615692138672,45214920712,11188,78185
78256,03,03,12.997859954833984,80.25592803955078,45214920712,11198,78256
78328,03,03,12.997989654541016,80.25592041015625,45214920712,11208,78328
78396,03,03,12.998479843139648,80.2559814453125,45214920712,11218,78396
78464,03,03,12.99917984008789,80.25608825683594,45214920712,11228,78464
78534,03,03,13.000020027160645,80.25624084472656,45214920712,11238,78534
78607,03,03,13.001059532165527,80.25641632080078,45214920712,11249,78607
78673,03,03,13.001859664916992,80.25656127929688,45214920712,11259,78673
78744,03,03,13.002630233764648,80.2566909790039,45214920712,11269,78744
78812,03,03,13.003399848937988,80.25682830810547,45214920712,11279,78812
78875,03,03,13.004159927368164,80.2569808959961,45214920712,11288,78875
78950,03,03,13.00508975982666,80.25717163085938,45214920712,11299,78950
79016,03,03,13.006099700927734,80.25733184814453,45214920712,11309,79016
79088,03,03,13.006620407104492,80.25723266601562,45214920712,11319,79088
79157,03,03,13.006600379943848,80.25676727294922,45214920712,11329,79157
79226,03,03,13.006549835205078,80.25592803955078,45214920712,11339,79226
79297,03,03,13.006540298461914,80.25492095947266,45214920712,11350,79297
79361,03,03,13.00652027130127,80.25401306152344,45214920712,11359,79361
79437,03,03,13.006529808044434,80.25286102294922,45214920712,11370,79437
79509,03,03,13.006660461425781,80.25189971923828,45214920712,11380,79509
79579,03,03,13.006759643554688,80.25093841552734,45214920712,11390,79579
79649,03,03,13.006739616394043,80.24981689453125,45214920712,11400,79649
79716,03,03,13.00669002532959,80.24864959716797,45214920712,11410,79716
79785,03,03,13.006640434265137,80.24775695800781,45214920712,11420,79785
79853,03,03,13.00667953491211,80.24710083007812,45214920712,11430,79853
79923,03,03,13.006669998168945,80.24620056152344,45214920712,11440,79923
79998,03,03,13.0066499710083,80.24506378173828,45214920712,11451,79998
80064,03,03,13.006609916687012,80.24404907226562,45214920712,11461,80064
80136,03,03,13.006580352783203,80.24299621582031,45214920712,11471,80136
80197,03,03,13.006580352783203,80.24183654785156,45214920712,11481,80197
80272,03,03,13.00667953491211,80.24080657958984,45214920712,11491,80272
80337,03,03,13.006850242614746,80.23982238769531,45214920712,11501,80337
80412,03,03,13.007049560546875,80.23877716064453,45214920712,11511,80412
80477,03,03,13.00728988647461,80.23770904541016,45214920712,11521,80477
80543,03,03,13.007519721984863,80.23667907714844,45214920712,11531,80543
80618,03,03,13.007719993591309,80.23567962646484,45214920712,11541,80618
80686,03,03,13.007929801940918,80.23452758789062,45214920712,11552,80686
80758,03,03,13.008150100708008,80.23345184326172,45214920712,11562,80758
80824,03,03,13.008379936218262,80.2322769165039,45214920712,11572,80824
80893,03,03,13.008620262145996,80.2310562133789,45214920712,11582,80893
80956,03,03,13.008859634399414,80.22979736328125,45214920712,11592,80956
81027,03,03,13.009099960327148,80.22856903076172,45214920712,11602,81027
81088,03,03,13.009510040283203,80.2274398803711,45214920712,11612,81088
81163,03,03,13.010040283203125,80.226318359375,45214920712,11622,81163
81229,03,03,13.010519981384277,80.22530364990234,45214920712,11632,81229
81302,03,03,13.010979652404785,80.22425842285156,45214920712,11642,81302
81364,03,03,13.011300086975098,80.22345733642578,45214920712,11652,81364
81447,03,03,13.011710166931152,80.22335052490234,45214920712,11663,81447
81516,03,03,13.012370109558105,80.22370147705078,45214920712,11673,81516
81584,03,03,13.013130187988281,80.2240982055664,45214920712,11683,81584
81648,03,03,13.01393985748291,80.2244873046875,45214920712,11693,81648
81718,03,03,13.014659881591797,80.22489166259766,45214920712,11703,81718
81792,03,03,13.015230178833008,80.2252426147461,45214920712,11713,81792
81862,03,03,13.01554012298584,80.22530364990234,45214920712,11723,81862
81930,03,03,13.015990257263184,80.22528076171875,45214920712,11733,81930
81998,03,03,13.016759872436523,80.2251968383789,45214920712,11743,81998
82067,03,03,13.017729759216309,80.22482299804688,45214920712,11753,82067
82141,03,03,13.018799781799316,80.22441101074219,45214920712,11764,82141
82209,03,03,13.019820213317871,80.22457122802734,45214920712,11774,82209
82278,03,03,13.020770072937012,80.2252426147461,45214920712,11784,82278
82347,03,03,13.021730422973633,80.22593688964844,45214920712,11794,82347
82414,03,03,13.02260971069336,80.22667694091797,45214920712,11804,82414
82519,03,03,13.02394962310791,80.22795104980469,45214920712,11820,82519
82602,03,03,13.02476978302002,80.22898864746094,45214920712,11832,82602
82668,03,03,13.025460243225098,80.22991180419922,45214920712,11842,82668
82739,03,03,13.025979995727539,80.23084259033203,45214920712,11852,82739
82805,03,03,13.026240348815918,80.23135375976562,45214920712,11862,82805
82885,03,03,13.026880264282227,80.23117065429688,45214920712,11873,82885
82959,03,03,13.027660369873047,80.23098754882812,45214920712,11884,82959
83034,03,03,13.028550148010254,80.23092651367188,45214920712,11895,83034
83102,03,03,13.029339790344238,80.2308120727539,45214920712,11905,83102
83170,03,03,13.029769897460938,80.23076629638672,45214920712,11915,83170
83230,03,03,13.030500411987305,80.230712890625,45214920712,11924,83230
83312,03,03,13.03145980834961,80.23062896728516,45214920712,11936,83312
83381,03,03,13.03240966796875,80.23055267333984,45214920712,11946,83381
83448,03,03,13.033479690551758,80.2304916381836,45214920712,11957,83448
83519,03,03,13.034319877624512,80.23043823242188,45214920712,11967,83519
83592,03,03,13.034919738769531,80.23023223876953,45214920712,11978,83592
83660,03,03,13.03499984741211,80.23014831542969,45214920712,11988,83660
83728,03,03,13.03499984741211,80.23014831542969,45214920712,11998,83728
83799,03,03,13.03499984741211,80.23014831542969,45214920712,12008,83799
83864,03,03,13.03499984741211,80.23014831542969,45214920712,12018,83864
83933,03,03,13.03499984741211,80.23014831542969,45214920712,12028,83933
84003,03,03,13.03499984741211,80.23014831542969,45214920712,12038,84003
84075,03,03,13.03499984741211,80.23014831542969,45214920712,12048,84075
84140,03,03,13.03499984741211,80.23014831542969,45214920712,12058,84140
84212,03,03,13.03499984741211,80.23014831542969,45214920712,12068,84212
84284,03,03,13.03499984741211,80.23014831542969,45214920712,12079,84284
84353,03,03,13.03499984741211,80.23014831542969,45214920712,12089,84353
84421,03,03,13.03499984741211,80.23014831542969,45214920712,12099,84421
84492,03,03,13.03499984741211,80.23014831542969,45214920712,12109,84492
84559,03,03,13.03499984741211,80.23014831542969,45214920712,12119,84559
84629,03,03,13.03499984741211,80.23014831542969,45214920712,12129,84629
84697,03,03,13.03499984741211,80.23014831542969,45214920712,12139,84697
84762,03,03,13.03499984741211,80.23014831542969,45214920712,12149,84762
84835,03,03,13.03499984741211,80.23014831542969,45214920712,12159,84835
84903,03,03,13.03499984741211,80.23014831542969,45214920712,12169,84903
84976,03,03,13.03499984741211,80.23014831542969,45214920712,12180,84976
85047,03,03,13.03499984741211,80.23014831542969,45214920712,12190,85047
85115,03,03,13.03499984741211,80.23014831542969,45214920712,12200,85115
85183,03,03,13.03499984741211,80.23014831542969,45214920712,12210,85183
85255,03,03,13.03499984741211,80.23014831542969,45214920712,12220,85255
85324,03,03,13.03499984741211,80.23014831542969,45214920712,12230,85324
85394,03,03,13.03499984741211,80.23014831542969,45214920712,12240,85394
85465,03,03,13.03499984741211,80.23014831542969,45214920712,12250,85465
85532,03,03,13.03499984741211,80.23014831542969,45214920712,12260,85532
85601,03,03,13.03499984741211,80.23014831542969,45214920712,12270,85601
85673,03,03,13.03499984741211,80.23014831542969,45214920712,12281,85673
85742,03,03,13.03499984741211,80.23014831542969,45214920712,12291,85742
85810,03,03,13.03499984741211,80.23014831542969,45214920712,12301,85810
85879,03,03,13.03499984741211,80.23014831542969,45214920712,12311,85879
85948,03,03,13.03499984741211,80.23014831542969,45214920712,12321,85948
86020,03,03,13.03499984741211,80.23014831542969,45214920712,12331,86020
86089,03,03,13.03499984741211,80.23014831542969,45214920712,12341,86089
86155,03,03,13.03499984741211,80.23014831542969,45214920712,12351,86155
86229,03,03,13.03499984741211,80.23014831542969,45214920712,12361,86229
86298,03,03,13.03499984741211,80.23014831542969,45214920712,12371,86298
86367,03,03,13.03499984741211,80.23014831542969,45214920712,12382,86367
86434,03,03,13.03499984741211,80.23014831542969,45214920712,12392,86434
86503,03,03,13.03499984741211,80.23014831542969,45214920712,12402,86503
86569,03,03,13.03499984741211,80.23014831542969,45214920712,12412,86569
86637,03,03,13.03518009185791,80.23013305664062,45214920712,12422,86637
86705,03,03,13.035340309143066,80.23020935058594,45214920712,12432,86705
86774,03,03,13.03573989868164,80.23036193847656,45214920712,12442,86774
86841,03,03,13.036149978637695,80.23049926757812,45214920712,12452,86841
86913,03,03,13.03654956817627,80.23068237304688,45214920712,12462,86913
86979,03,03,13.036829948425293,80.2308120727539,45214920712,12472,86979
87048,03,03,13.037569999694824,80.23103332519531,45214920712,12483,87048
87134,03,03,13.038310050964355,80.23119354248047,45214920712,12493,87134
87199,03,03,13.038979530334473,80.23137664794922,45214920712,12503,87199
87269,03,03,13.039609909057617,80.23155975341797,45214920712,12513,87269
87336,03,03,13.040360450744629,80.23177337646484,45214920712,12523,87336
87403,03,03,13.041299819946289,80.23211669921875,45214920712,12533,87403
87470,03,03,13.04224967956543,80.23230743408203,45214920712,12543,87470
87537,03,03,13.04325008392334,80.23233032226562,45214920712,12553,87537
87602,03,03,13.044179916381836,80.23240661621094,45214920712,12563,87602
87668,03,03,13.045120239257812,80.23258972167969,45214920712,12573,87668
87742,03,03,13.04596996307373,80.23275756835938,45214920712,12583,87742
87821,03,03,13.046930313110352,80.23296356201172,45214920712,12594,87821
87890,03,03,13.047419548034668,80.23294067382812,45214920712,12604,87890
87953,03,03,13.04751968383789,80.23249816894531,45214920712,12614,87953
88021,03,03,13.047599792480469,80.2317886352539,45214920712,12624,88021
88087,03,03,13.047679901123047,80.23103332519531,45214920712,12634,88087
88157,03,03,13.047679901123047,80.2303695678711,45214920712,12644,88157
88219,03,03,13.047289848327637,80.22988891601562,45214920712,12654,88219
88290,03,03,13.046549797058105,80.22978210449219,45214920712,12664,88290
88364,03,03,13.045720100402832,80.22965240478516,45214920712,12674,88364
88430,03,03,13.044939994812012,80.2294921875,45214920712,12684,88430
88510,03,03,13.044529914855957,80.22942352294922,45214920712,12695,88510
88578,03,03,13.044099807739258,80.22930145263672,45214920712,12705,88578
88645,03,03,13.043899536132812,80.22911071777344,45214920712,12715,88645
88713,03,03,13.04401969909668,80.22872161865234,45214920712,12725,88713
88781,03,03,13.044159889221191,80.22821807861328,45214920712,12735,88781
88848,03,03,13.044320106506348,80.2275619506836,45214920712,12745,88848
88917,03,03,13.044520378112793,80.22686004638672,45214920712,12755,88917
88985,03,03,13.044739723205566,80.22614288330078,45214920712,12765,88985
89054,03,03,13.044890403747559,80.22576141357422,45214920712,12775,89054
89121,03,03,13.045350074768066,80.22583770751953,45214920712,12785,89121
89228,03,03,13.046520233154297,80.22618103027344,45214920712,12801,89228
89314,03,03,13.046830177307129,80.22579956054688,45214920712,12814,89314
89373,03,03,13.046870231628418,80.22547912597656,45214920712,12822,89373
89448,03,03,13.04695987701416,80.22511291503906,45214920712,12834,89448
89520,03,03,13.047080039978027,80.22453308105469,45214920712,12845,89520
89599,03,03,13.047269821166992,80.22370147705078,45214920712,12857,89599
89668,03,03,13.047410011291504,80.2231674194336,45214920712,12867,89668
89738,03,03,13.04751968383789,80.22270202636719,45214920712,12877,89738
89801,03,03,13.047659873962402,80.22216033935547,45214920712,12887,89801
89877,03,03,13.047849655151367,80.2215805053711,45214920712,12897,89877
89950,03,03,13.047900199890137,80.22138214111328,45214920712,12908,89950
90011,03,03,13.047940254211426,80.22096252441406,45214920712,12917,90011
90081,03,03,13.047989845275879,80.22042083740234,45214920712,12928,90081
90152,03,03,13.048060417175293,80.21993255615234,45214920712,12938,90152
90222,03,03,13.04811954498291,80.21956634521484,45214920712,12948,90222
90288,03,03,13.048100471496582,80.21927642822266,45214920712,12958,90288
90354,03,03,13.047670364379883,80.21910095214844,45214920712,12968,90354
90418,03,03,13.046919822692871,80.2188720703125,45214920712,12978,90418
90482,03,03,13.04613971710205,80.21868896484375,45214920712,12988,90482
90559,03,03,13.045299530029297,80.21845245361328,45214920712,12998,90559
90622,03,03,13.044580459594727,80.21800231933594,45214920712,13008,90622
90694,03,03,13.043910026550293,80.21752166748047,45214920712,13019,90694
90767,03,03,13.043829917907715,80.21724700927734,45214920712,13029,90767
90836,03,03,13.044130325317383,80.21672821044922,45214920712,13039,90836
90900,03,03,13.044389724731445,80.21600341796875,45214920712,13049,90900
90970,03,03,13.044520378112793,80.21524047851562,45214920712,13059,90970
91033,03,03,13.044520378112793,80.21446228027344,45214920712,13069,91033
91103,03,03,13.044509887695312,80.21373748779297,45214920712,13079,91103
91167,03,03,13.044489860534668,80.21295166015625,45214920712,13089,91167
91236,03,03,13.044480323791504,80.21253967285156,45214920712,13099,91236
91314,03,03,13.044469833374023,80.21240234375,45214920712,13110,91314
91376,03,03,13.04485034942627,80.2122573852539,45214920712,13120,91376
91444,03,03,13.045519828796387,80.21221923828125,45214920712,13130,91444
91512,03,03,13.046330451965332,80.21218872070312,45214920712,13140,91512
91582,03,03,13.04699993133545,80.21212768554688,45214920712,13150,91582
91651,03,03,13.047100067138672,80.21195983886719,45214920712,13160,91651
91711,03,03,13.047080039978027,80.21145629882812,45214920712,13170,91711
91786,03,03,13.047069549560547,80.2109603881836,45214920712,13180,91786
91851,03,03,13.047300338745117,80.21076965332031,45214920712,13190,91851
91922,03,03,13.047869682312012,80.21080017089844,45214920712,13200,91922
91993,03,03,13.04856014251709,80.21080780029297,45214920712,13211,91993
92061,03,03,13.049240112304688,80.21083068847656,45214920712,13221,92061
92127,03,03,13.049670219421387,80.21076202392578,45214920712,13231,92127
92196,03,03,13.049650192260742,80.21019744873047,45214920712,13241,92196
92264,03,03,13.049559593200684,80.20948028564453,45214920712,13251,92264
92332,03,03,13.049539566040039,80.20881652832031,45214920712,13261,92332
92398,03,03,13.04934024810791,80.2081298828125,45214920712,13271,92398
92467,03,03,13.049099922180176,80.20748138427734,45214920712,13281,92467
92526,03,03,13.04893970489502,80.20696258544922,45214920712,13291,92526
92592,03,03,13.049200057983398,80.20687866210938,45214920712,13301,92592
92676,03,03,13.049240112304688,80.20703125,45214920712,13312,92676
92739,03,03,13.049240112304688,80.20703125,45214920712,13322,92739
92809,03,03,13.049240112304688,80.20703125,45214920712,13332,92809
92876,03,03,13.049240112304688,80.20703125,45214920712,13342,92876
92947,03,03,13.049240112304688,80.20703125,45214920712,13352,92947
93016,03,03,13.049240112304688,80.20703125,45214920712,13362,93016
93073,03,03,13.049240112304688,80.20703125,45214920712,13371,93073
93150,03,03,13.049240112304688,80.20703125,45214920712,13382,93150
93211,03,03,13.049240112304688,80.20703125,45214920712,13391,93211
93279,03,03,13.049240112304688,80.20703125,45214920712,13401,93279
93351,03,03,13.049240112304688,80.20703125,45214920712,13412,93351
93429,03,03,13.049240112304688,80.20703125,45214920712,13423,93429
93496,03,03,13.049240112304688,80.20703125,45214920712,13433,93496
93563,03,03,13.049240112304688,80.20703125,45214920712,13443,93563
93636,03,03,13.049240112304688,80.20703125,45214920712,13453,93636
93701,03,03,13.049240112304688,80.20703125,45214920712,13463,93701
93768,03,03,13.049240112304688,80.20703125,45214920712,13473,93768
93837,03,03,13.049229621887207,80.20723724365234,45214920712,13483,93837
93906,03,03,13.049220085144043,80.2075424194336,45214920712,13493,93906
93979,03,03,13.049320220947266,80.20799255371094,45214920712,13503,93979
94043,03,03,13.049489974975586,80.20867919921875,45214920712,13513,94043
94114,03,03,13.049610137939453,80.20947265625,45214920712,13524,94114
94189,03,03,13.049699783325195,80.21024322509766,45214920712,13534,94189
94258,03,03,13.049799919128418,80.21102905273438,45214920712,13544,94258
94319,03,03,13.049909591674805,80.21167755126953,45214920712,13554,94319
94390,03,03,13.04992961883545,80.21177673339844,45214920712,13564,94390
94460,03,03,13.04992961883545,80.21177673339844,45214920712,13574,94460
94527,03,03,13.049980163574219,80.21189880371094,45214920712,13584,94527
94592,03,03,13.049989700317383,80.21205139160156,45214920712,13594,94592
94662,03,03,13.050009727478027,80.21231842041016,45214920712,13604,94662
94731,03,03,13.050049781799316,80.21276092529297,45214920712,13614,94731
94801,03,03,13.050180435180664,80.21344757080078,45214920712,13625,94801
94865,03,03,13.050379753112793,80.2140884399414,45214920712,13635,94865
94934,03,03,13.050640106201172,80.21470642089844,45214920712,13645,94934
94999,03,03,13.050829887390137,80.21540069580078,45214920712,13655,94999
95067,03,03,13.051039695739746,80.21610260009766,45214920712,13665,95067
95139,03,03,13.051300048828125,80.21685028076172,45214920712,13675,95139
95206,03,03,13.051560401916504,80.21756744384766,45214920712,13685,95206
95274,03,03,13.051810264587402,80.21829223632812,45214920712,13695,95274
95342,03,03,13.052069664001465,80.21910095214844,45214920712,13705,95342
95411,03,03,13.052240371704102,80.21980285644531,45214920712,13715,95411
95478,03,03,13.052330017089844,80.2200927734375,45214920712,13726,95478
95545,03,03,13.052370071411133,80.22016906738281,45214920712,13736,95545
95615,03,03,13.05247974395752,80.2205581665039,45214920712,13746,95615
95678,03,03,13.052639961242676,80.22118377685547,45214920712,13756,95678
95748,03,03,13.05288028717041,80.2220230102539,45214920712,13766,95748
95817,03,03,13.053119659423828,80.222900390625,45214920712,13776,95817
95886,03,03,13.053339958190918,80.22383117675781,45214920712,13786,95886
95952,03,03,13.053580284118652,80.22480010986328,45214920712,13796,95952
96010,03,03,13.053799629211426,80.22583770751953,45214920712,13806,96010
96080,03,03,13.053950309753418,80.22693634033203,45214920712,13816,96080
96152,03,03,13.05405044555664,80.2278823852539,45214920712,13826,96152
96219,03,03,13.054129600524902,80.22875213623047,45214920712,13837,96219
96286,03,03,13.054180145263672,80.22955322265625,45214920712,13847,96286
96356,03,03,13.054180145263672,80.23026275634766,45214920712,13857,96356
96424,03,03,13.054200172424316,80.2305908203125,45214920712,13867,96424
96494,03,03,13.054010391235352,80.23062896728516,45214920712,13877,96494
96560,03,03,13.053680419921875,80.23065185546875,45214920712,13887,96560
96626,03,03,13.052900314331055,80.23052215576172,45214920712,13897,96626
96695,03,03,13.052240371704102,80.23043823242188,45214920712,13907,96695
96764,03,03,13.051969528198242,80.23042297363281,45214920712,13917,96764
96829,03,03,13.051440238952637,80.23030090332031,45214920712,13927,96829
96903,03,03,13.05070972442627,80.2302017211914,45214920712,13938,96903
96968,03,03,13.050040245056152,80.23011016845703,45214920712,13948,96968
97034,03,03,13.049240112304688,80.2301025390625,45214920712,13958,97034
97101,03,03,13.048460006713867,80.23007202148438,45214920712,13968,97101
97169,03,03,13.04796028137207,80.23027038574219,45214920712,13978,97169
97236,03,03,13.047699928283691,80.23078155517578,45214920712,13988,97236
97304,03,03,13.047599792480469,80.23172760009766,45214920712,13998,97304
97372,03,03,13.047479629516602,80.23258209228516,45214920712,14008,97372
97477,03,03,13.047769546508789,80.23307800292969,45214920712,14024,97477
97554,03,03,13.048669815063477,80.23326110839844,45214920712,14036,97554
97626,03,03,13.049500465393066,80.23346710205078,45214920712,14047,97626
97687,03,03,13.050399780273438,80.23365783691406,45214920712,14057,97687
97759,03,03,13.051139831542969,80.23380279541016,45214920712,14067,97759
97814,03,03,13.051899909973145,80.23397827148438,45214920712,14075,97814
97887,03,03,13.052960395812988,80.23426818847656,45214920712,14087,97887
97958,03,03,13.053609848022461,80.23445129394531,45214920712,14097,97958
98024,03,03,13.053709983825684,80.23503875732422,45214920712,14107,98024
98087,03,03,13.053549766540527,80.23583984375,45214920712,14117,98087
98157,03,03,13.053409576416016,80.23674011230469,45214920712,14127,98157
98222,03,03,13.053239822387695,80.23770904541016,45214920712,14137,98222
98296,03,03,13.053030014038086,80.2388916015625,45214920712,14148,98296
98358,03,03,13.052769660949707,80.23998260498047,45214920712,14158,98358
98430,03,03,13.052559852600098,80.2408676147461,45214920712,14168,98430
98496,03,03,13.05265998840332,80.2416000366211,45214920712,14178,98496
98569,03,03,13.05331039428711,80.24195861816406,45214920712,14189,98569
98636,03,03,13.054320335388184,80.24234008789062,45214920712,14199,98636
98697,03,03,13.055290222167969,80.24226379394531,45214920712,14209,98697
98768,03,03,13.056170463562012,80.24243927001953,45214920712,14219,98768
98833,03,03,13.056719779968262,80.24262237548828,45214920712,14229,98833
98899,03,03,13.057029724121094,80.24272155761719,45214920712,14239,98899
98970,03,03,13.057769775390625,80.24276733398438,45214920712,14250,98970
99037,03,03,13.058489799499512,80.24260711669922,45214920712,14260,99037
99102,03,03,13.059260368347168,80.24246978759766,45214920712,14270,99102
99170,03,03,13.060079574584961,80.2426986694336,45214920712,14280,99170
99239,03,03,13.060460090637207,80.2427978515625,45214920712,14290,99239
99304,03,03,13.060609817504883,80.24286651611328,45214920712,14300,99304
99372,03,03,13.06110954284668,80.2430419921875,45214920712,14310,99372
99439,03,03,13.061800003051758,80.24317169189453,45214920712,14320,99439
99507,03,03,13.062609672546387,80.2433090209961,45214920712,14330,99507
99573,03,03,13.063300132751465,80.24344635009766,45214920712,14340,99573
99644,03,03,13.063440322875977,80.24381256103516,45214920712,14351,99644
99715,03,03,13.06322956085205,80.24434661865234,45214920712,14361,99715
99777,03,03,13.0626802444458,80.24481964111328,45214920712,14371,99777
99847,03,03,13.062140464782715,80.24530792236328,45214920712,14381,99847
99912,03,03,13.061969757080078,80.2461166381836,45214920712,14391,99912
99978,03,03,13.061779975891113,80.24649810791016,45214920712,14401,99978
100042,03,03,13.061360359191895,80.24694061279297,45214920712,14411,100042
100110,03,03,13.061059951782227,80.24722290039062,45214920712,14421,100110
100179,03,03,13.060449600219727,80.24755096435547,45214920712,14431,100179
100244,03,03,13.059550285339355,80.24784088134766,45214920712,14441,100244
100315,03,03,13.058389663696289,80.24825286865234,45214920712,14452,100315
100383,03,03,13.05735969543457,80.24861145019531,45214920712,14462,100383
100447,03,03,13.056300163269043,80.24893951416016,45214920712,14472,100447
100516,03,03,13.055270195007324,80.24935913085938,45214920712,14482,100516
100578,03,03,13.054300308227539,80.24993896484375,45214920712,14492,100578
100644,03,03,13.053529739379883,80.2503890991211,45214920712,14502,100644
100714,03,03,13.05265998840332,80.25086212158203,45214920712,14512,100714
100783,03,03,13.0520601272583,80.25112915039062,45214920712,14522,100783
100849,03,03,13.051389694213867,80.25077056884766,45214920712,14532,100849
100914,03,03,13.050600051879883,80.25051879882812,45214920712,14542,100914
100989,03,03,13.050189971923828,80.24999237060547,45214920712,14553,100989
101054,03,03,13.04932975769043,80.24981689453125,45214920712,14563,101054
101120,03,03,13.048399925231934,80.24958038330078,45214920712,14573,101120
101187,03,03,13.04757022857666,80.24889373779297,45214920712,14583,101187
101254,03,03,13.046660423278809,80.24858093261719,45214920712,14593,101254
101321,03,03,13.045700073242188,80.24838256835938,45214920712,14603,101321
101387,03,03,13.044790267944336,80.24807739257812,45214920712,14613,101387
101453,03,03,13.043760299682617,80.24787902832031,45214920712,14623,101453
101520,03,03,13.042799949645996,80.24771118164062,45214920712,14633,101520
101586,03,03,13.04181957244873,80.24749755859375,45214920712,14643,101586
101700,03,03,13.040180206298828,80.2471694946289,45214920712,14660,101700
101778,03,03,13.039640426635742,80.24706268310547,45214920712,14672,101778
101844,03,03,13.039640426635742,80.24706268310547,45214920712,14682,101844
101905,03,03,13.03948974609375,80.2469711303711,45214920712,14691,101905
101975,03,03,13.039360046386719,80.24701690673828,45214920712,14702,101975
102045,03,03,13.039360046386719,80.24742889404297,45214920712,14712,102045
102105,03,03,13.039259910583496,80.24794006347656,45214920712,14721,102105
102178,03,03,13.039190292358398,80.24858856201172,45214920712,14732,102178
102244,03,03,13.039119720458984,80.24909973144531,45214920712,14742,102244
102311,03,03,13.039039611816406,80.24968719482422,45214920712,14752,102311
102378,03,03,13.038949966430664,80.25035858154297,45214920712,14763,102378
102444,03,03,13.038949966430664,80.25057220458984,45214920712,14773,102444
102511,03,03,13.03888988494873,80.25093078613281,45214920712,14783,102511
102576,03,03,13.038780212402344,80.25153350830078,45214920712,14793,102576
102648,03,03,13.038680076599121,80.2522964477539,45214920712,14803,102648
102715,03,03,13.038579940795898,80.25299835205078,45214920712,14813,102715
102781,03,03,13.038450241088867,80.25386810302734,45214920712,14823,102781
102847,03,03,13.038339614868164,80.25475311279297,45214920712,14833,102847
102912,03,03,13.038200378417969,80.25579833984375,45214920712,14843,102912
102980,03,03,13.038089752197266,80.2564697265625,45214920712,14853,102980
103053,03,03,13.037699699401855,80.25702667236328,45214920712,14864,103053
103120,03,03,13.036840438842773,80.25704193115234,45214920712,14874,103120
103186,03,03,13.035810470581055,80.2570571899414,45214920712,14884,103186
103251,03,03,13.034819602966309,80.2570571899414,45214920712,14894,103251
103363,03,03,13.033280372619629,80.25691986083984,45214920712,14910,103363
103439,03,03,13.032159805297852,80.25682067871094,45214920712,14922,103439
103506,03,03,13.031310081481934,80.25672912597656,45214920712,14932,103506
103571,03,03,13.031020164489746,80.25669860839844,45214920712,14942,103571
103638,03,03,13.030670166015625,80.25666046142578,45214920712,14952,103638
103705,03,03,13.030119895935059,80.25660705566406,45214920712,14962,103705
103775,03,03,13.02929973602295,80.25653839111328,45214920712,14973,103775
103841,03,03,13.028949737548828,80.25669860839844,45214920712,14983,103841
103909,03,03,13.02892017364502,80.25720977783203,45214920712,14993,103909
103975,03,03,13.028860092163086,80.25814056396484,45214920712,15003,103975
104041,03,03,13.029009819030762,80.25895690917969,45214920712,15013,104041
104105,03,03,13.029250144958496,80.25993347167969,45214920712,15023,104105
104175,03,03,13.029379844665527,80.26024627685547,45214920712,15033,104175
104240,03,03,13.029410362243652,80.26065826416016,45214920712,15043,104240
104304,03,03,13.029239654541016,80.26113891601562,45214920712,15053,104304
104375,03,03,13.029680252075195,80.26146697998047,45214920712,15063,104375
104442,03,03,13.029760360717773,80.2617416381836,45214920712,15074,104442
104509,03,03,13.029769897460938,80.26219940185547,45214920712,15084,104509
104577,03,03,13.029600143432617,80.26290893554688,45214920712,15094,104577
104645,03,03,13.029470443725586,80.26348876953125,45214920712,15104,104645
104710,03,03,13.029359817504883,80.2642593383789,45214920712,15114,104710
104776,03,03,13.029379844665527,80.26502227783203,45214920712,15124,104776
104842,03,03,13.029330253601074,80.26582336425781,45214920712,15134,104842
104912,03,03,13.029190063476562,80.26628875732422,45214920712,15144,104912
104978,03,03,13.028779983520508,80.26628112792969,45214920712,15154,104978
105045,03,03,13.028200149536133,80.26619720458984,45214920712,15164,105045
105115,03,03,13.027819633483887,80.26618957519531,45214920712,15175,105115
105182,03,03,13.027429580688477,80.26609802246094,45214920712,15185,105182
105246,03,03,13.026920318603516,80.26605987548828,45214920712,15195,105246
105312,03,03,13.02653980255127,80.26603698730469,45214920712,15205,105312
105380,03,03,13.026320457458496,80.26583862304688,45214920712,15215,105380
105446,03,03,13.026359558105469,80.26526641845703,45214920712,15225,105446
105512,03,03,13.026479721069336,80.26445770263672,45214920712,15235,105512
105582,03,03,13.026590347290039,80.26358032226562,45214920712,15245,105582
105647,03,03,13.026689529418945,80.26261138916016,45214920712,15255,105647
105711,03,03,13.026809692382812,80.26161193847656,45214920712,15265,105711
105783,03,03,13.02694034576416,80.2605972290039,45214920712,15276,105783
105852,03,03,13.027090072631836,80.2598876953125,45214920712,15286,105852
105917,03,03,13.027050018310547,80.25884246826172,45214920712,15296,105917
105984,03,03,13.027050018310547,80.25778198242188,45214920712,15306,105984
106053,03,03,13.027039527893066,80.257080078125,45214920712,15316,106053
106117,03,03,13.027050018310547,80.25634002685547,45214920712,15326,106117
106185,03,03,13.027070045471191,80.25543975830078,45214920712,15336,106185
106250,03,03,13.027130126953125,80.25444030761719,45214920712,15346,106250
106319,03,03,13.027210235595703,80.25347900390625,45214920712,15356,106319
106382,03,03,13.027440071105957,80.25243377685547,45214920712,15366,106382
106454,03,03,13.027859687805176,80.25128173828125,45214920712,15377,106454
106522,03,03,13.028360366821289,80.25041198730469,45214920712,15387,106522
106589,03,03,13.028790473937988,80.2496566772461,45214920712,15397,106589
106656,03,03,13.02908992767334,80.2487564086914,45214920712,15407,106656
106721,03,03,13.02927017211914,80.2477035522461,45214920712,15417,106721
106787,03,03,13.029439926147461,80.2467269897461,45214920712,15427,106787
106853,03,03,13.029540061950684,80.24593353271484,45214920712,15437,106853
106919,03,03,13.029239654541016,80.24574279785156,45214920712,15447,106919
106990,03,03,13.02849006652832,80.24571990966797,45214920712,15457,106990
107052,03,03,13.027759552001953,80.24559783935547,45214920712,15467,107052
107123,03,03,13.027460098266602,80.24488067626953,45214920712,15477,107123
107190,03,03,13.027070045471191,80.24417114257812,45214920712,15488,107190
107258,03,03,13.026350021362305,80.243896484375,45214920712,15498,107258
107324,03,03,13.025529861450195,80.2436294555664,45214920712,15508,107324
107391,03,03,13.02472972869873,80.24333953857422,45214920712,15518,107391
107456,03,03,13.024169921875,80.2431411743164,45214920712,15528,107456
107526,03,03,13.024120330810547,80.24311828613281,45214920712,15538,107526
107590,03,03,13.02383041381836,80.24299621582031,45214920712,15548,107590
107661,03,03,13.023209571838379,80.2427978515625,45214920712,15558,107661
107727,03,03,13.022330284118652,80.24250793457031,45214920712,15568,107727
107788,03,03,13.021459579467773,80.24220275878906,45214920712,15578,107788
107860,03,03,13.020509719848633,80.24191284179688,45214920712,15589,107860
107927,03,03,13.019729614257812,80.24169158935547,45214920712,15599,107927
107996,03,03,13.01926040649414,80.24153137207031,45214920712,15609,107996
108061,03,03,13.018549919128418,80.2413101196289,45214920712,15619,108061
108128,03,03,13.01807975769043,80.24115753173828,45214920712,15629,108128
108194,03,03,13.018019676208496,80.24114227294922,45214920712,15639,108194
108262,03,03,13.017769813537598,80.24107360839844,45214920712,15649,108262
108326,03,03,13.017169952392578,80.24095153808594,45214920712,15659,108326
108396,03,03,13.016369819641113,80.24078369140625,45214920712,15669,108396
108463,03,03,13.015740394592285,80.24066925048828,45214920712,15679,108463
108531,03,03,13.015270233154297,80.2406005859375,45214920712,15690,108531
108597,03,03,13.014479637145996,80.24049377441406,45214920712,15700,108597
108664,03,03,13.013449668884277,80.24046325683594,45214920712,15710,108664
108732,03,03,13.012229919433594,80.24047088623047,45214920712,15720,108732
108799,03,03,13.011039733886719,80.240478515625,45214920712,15730,108799
108866,03,03,13.009889602661133,80.2405014038086,45214920712,15740,108866
108933,03,03,13.008729934692383,80.2405014038086,45214920712,15750,108933
109000,03,03,13.00767993927002,80.24041748046875,45214920712,15760,109000
109067,03,03,13.006979942321777,80.24034118652344,45214920712,15770,109067
109125,03,03,13.006850242614746,80.24073791503906,45214920712,15780,109125
109199,03,03,13.006750106811523,80.24156188964844,45214920712,15790,109199
109268,03,03,13.006750106811523,80.24185943603516,45214920712,15801,109268
109336,03,03,13.006730079650879,80.2423324584961,45214920712,15811,109336
109442,03,03,13.006669998168945,80.24356842041016,45214920712,15827,109442
109520,03,03,13.006699562072754,80.24488830566406,45214920712,15839,109520
109587,03,03,13.006739616394043,80.24604797363281,45214920712,15849,109587
109652,03,03,13.006770133972168,80.24716186523438,45214920712,15859,109652
109719,03,03,13.006779670715332,80.24813079833984,45214920712,15869,109719
109786,03,03,13.006810188293457,80.2490234375,45214920712,15879,109786
109850,03,03,13.00685977935791,80.25054931640625,45214920712,15889,109850
109925,03,03,13.006779670715332,80.25177764892578,45214920712,15900,109925
109979,03,03,13.006609916687012,80.25264739990234,45214920712,15908,109979
110057,03,03,13.006600379943848,80.25408935546875,45214920712,15920,110057
110123,03,03,13.006640434265137,80.25536346435547,45214920712,15930,110123
110189,03,03,13.0066499710083,80.25646209716797,45214920712,15940,110189
110256,03,03,13.006710052490234,80.25720977783203,45214920712,15950,110256
110323,03,03,13.006529808044434,80.257568359375,45214920712,15960,110323
110390,03,03,13.005900382995605,80.2574462890625,45214920712,15970,110390
110456,03,03,13.005080223083496,80.25724029541016,45214920712,15980,110456
110518,03,03,13.004190444946289,80.25704193115234,45214920712,15989,110518
110599,03,03,13.003000259399414,80.25682067871094,45214920712,16001,110599
110671,03,03,13.002039909362793,80.25663757324219,45214920712,16011,110671
110739,03,03,13.001090049743652,80.25652313232422,45214920712,16021,110739
110803,03,03,13.000060081481934,80.25631713867188,45214920712,16031,110803
110865,03,03,12.999070167541504,80.25614166259766,45214920712,16041,110865
110934,03,03,12.998209953308105,80.25599670410156,45214920712,16051,110934
111000,03,03,12.997779846191406,80.25596618652344,45214920712,16061,111000
111061,03,03,12.997770309448242,80.25596618652344,45214920712,16071,111061
111131,03,03,12.997559547424316,80.2559585571289,45214920712,16081,111131
111196,03,03,12.99705982208252,80.25594329833984,45214920712,16091,111196
111244,03,03,12.996769905090332,80.25595092773438,45214920712,16101,111244
111356,03,03,12.995570182800293,80.25592803955078,45214920712,16118,111356
111439,03,03,12.994649887084961,80.2559585571289,45214920712,16130,111439
111491,03,03,12.99390983581543,80.25601959228516,45214920712,16139,111491
111561,03,03,12.9927396774292,80.256103515625,45214920712,16150,111561
111628,03,03,12.991620063781738,80.256103515625,45214920712,16160,111628
111686,03,03,12.990630149841309,80.25604248046875,45214920712,16170,111686
111762,03,03,12.989580154418945,80.25601196289062,45214920712,16180,111762
111817,03,03,12.988439559936523,80.25592803955078,45214920712,16190,111817
111887,03,03,12.987750053405762,80.25589752197266,45214920712,16200,111887
111965,03,03,12.98760986328125,80.25643157958984,45214920712,16211,111965
112023,03,03,12.987529754638672,80.25721740722656,45214920712,16221,112023
112095,03,03,12.987469673156738,80.25810241699219,45214920712,16231,112095
112163,03,03,12.98742961883545,80.25849151611328,45214920712,16241,112163
112231,03,03,12.987360000610352,80.25859069824219,45214920712,16251,112231
112293,03,03,12.987250328063965,80.25858306884766,45214920712,16261,112293
112361,03,03,12.987250328063965,80.25858306884766,45214920712,16271,112361
112420,03,03,12.987250328063965,80.25858306884766,45214920712,16281,112420
112486,03,03,12.987250328063965,80.25858306884766,45214920712,16291,112486
112557,03,03,12.987380027770996,80.25823974609375,45214920712,16301,112557
112626,03,03,12.98742961883545,80.257568359375,45214920712,16312,112626
112699,03,03,12.987520217895508,80.25672912597656,45214920712,16322,112699
112763,03,03,12.987589836120605,80.25594329833984,45214920712,16332,112763
112826,03,03,12.987890243530273,80.2557373046875,45214920712,16342,112826
112893,03,03,12.988089561462402,80.25578308105469,45214920712,16352,112893
112962,03,03,12.98855972290039,80.255859375,45214920712,16362,112962
113028,03,03,12.988920211791992,80.25591278076172,45214920712,16372,113028
113093,03,03,12.989410400390625,80.25595092773438,45214920712,16382,113093
113162,03,03,12.990110397338867,80.2559585571289,45214920712,16392,113162
113229,03,03,12.990779876708984,80.25596618652344,45214920712,16402,113229
113297,03,03,12.991660118103027,80.25604248046875,45214920712,16413,113297
113373,03,03,12.992589950561523,80.25605010986328,45214920712,16423,113373
113433,03,03,12.99347972869873,80.25599670410156,45214920712,16433,113433
113498,03,03,12.994420051574707,80.25594329833984,45214920712,16443,113498
113563,03,03,12.995380401611328,80.2558822631836,45214920712,16453,113563
113628,03,03,12.996390342712402,80.25586700439453,45214920712,16463,113628
113699,03,03,12.997030258178711,80.25586700439453,45214920712,16473,113699
113758,03,03,12.997440338134766,80.25586700439453,45214920712,16483,113758
113829,03,03,12.997739791870117,80.25588989257812,45214920712,16493,113829
113897,03,03,12.997870445251465,80.25592041015625,45214920712,16503,113897
113965,03,03,12.998479843139648,80.25601959228516,45214920712,16514,113965
114043,03,03,12.999340057373047,80.25614166259766,45214920712,16524,114043
114098,03,03,13.000249862670898,80.25630187988281,45214920712,16534,114098
114164,03,03,13.001179695129395,80.25646209716797,45214920712,16544,114164
114241,03,03,13.002079963684082,80.25660705566406,45214920712,16554,114241
114307,03,03,13.00298023223877,80.25676727294922,45214920712,16564,114307
114372,03,03,13.003890037536621,80.25694274902344,45214920712,16574,114372
114438,03,03,13.004850387573242,80.25714111328125,45214920712,16584,114438
114503,03,03,13.005820274353027,80.25733184814453,45214920712,16594,114503
114569,03,03,13.0064697265625,80.25743103027344,45214920712,16604,114569
114636,03,03,13.006569862365723,80.25704956054688,45214920712,16614,114636
114713,03,03,13.006549835205078,80.25618743896484,45214920712,16625,114713
114780,03,03,13.006569862365723,80.25524139404297,45214920712,16635,114780
114846,03,03,13.006560325622559,80.25404357910156,45214920712,16645,114846
114902,03,03,13.006569862365723,80.25289916992188,45214920712,16655,114902
114977,03,03,13.006640434265137,80.25211334228516,45214920712,16665,114977
115035,03,03,13.006810188293457,80.25105285644531,45214920712,16675,115035
115108,03,03,13.006779670715332,80.24983978271484,45214920712,16685,115108
115175,03,03,13.006719589233398,80.24859619140625,45214920712,16695,115175
115251,03,03,13.00667953491211,80.2476577758789,45214920712,16706,115251
115307,03,03,13.00667953491211,80.2466812133789,45214920712,16716,115307
115384,03,03,13.006660461425781,80.24545288085938,45214920712,16727,115384
115453,03,03,13.006660461425781,80.24432373046875,45214920712,16737,115453
115522,03,03,13.006660461425781,80.24324035644531,45214920712,16747,115522
115590,03,03,13.006609916687012,80.24214172363281,45214920712,16757,115590
115652,03,03,13.006660461425781,80.240966796875,45214920712,16767,115652
115717,03,03,13.006830215454102,80.24002075195312,45214920712,16777,115717
115787,03,03,13.007019996643066,80.23902130126953,45214920712,16787,115787
115846,03,03,13.007240295410156,80.23790740966797,45214920712,16797,115846
115922,03,03,13.007490158081055,80.23677825927734,45214920712,16807,115922
115987,03,03,13.007719993591309,80.23564147949219,45214920712,16817,115987
116056,03,03,13.007969856262207,80.23439025878906,45214920712,16828,116056
116121,03,03,13.008199691772461,80.23322296142578,45214920712,16838,116121
116193,03,03,13.00844955444336,80.2319564819336,45214920712,16848,116193
116257,03,03,13.008700370788574,80.23065948486328,45214920712,16858,116257
116324,03,03,13.008950233459473,80.22940063476562,45214920712,16868,116324
116391,03,03,13.009209632873535,80.22818756103516,45214920712,16878,116391
116459,03,03,13.009679794311523,80.22708892822266,45214920712,16888,116459
116506,03,03,13.010080337524414,80.22621154785156,45214920712,16896,116506
116589,03,03,13.010689735412598,80.22493743896484,45214920712,16908,116589
116650,03,03,13.011119842529297,80.22390747070312,45214920712,16918,116650
116725,03,03,13.011500358581543,80.22299194335938,45214920712,16929,116725
116790,03,03,13.011839866638184,80.2220230102539,45214920712,16939,116790
116864,03,03,13.012140274047852,80.22142791748047,45214920712,16949,116864
116924,03,03,13.012459754943848,80.22154998779297,45214920712,16959,116924
116993,03,03,13.012929916381836,80.22216796875,45214920712,16969,116993
117060,03,03,13.013540267944336,80.22290802001953,45214920712,16979,117060
117127,03,03,13.014200210571289,80.22366333007812,45214920712,16989,117127
117192,03,03,13.014739990234375,80.22431182861328,45214920712,16999,117192
117263,03,03,13.015259742736816,80.22479248046875,45214920712,17009,117263
117320,03,03,13.015399932861328,80.22489929199219,45214920712,17019,117320
117395,03,03,13.015609741210938,80.22508239746094,45214920712,17030,117395
117462,03,03,13.016209602355957,80.22531127929688,45214920712,17040,117462
117526,03,03,13.017020225524902,80.2251205444336,45214920712,17050,117526
117596,03,03,13.018010139465332,80.22471618652344,45214920712,17060,117596
117666,03,03,13.019020080566406,80.22434997558594,45214920712,17070,117666
117728,03,03,13.019829750061035,80.22457885742188,45214920712,17080,117728
117795,03,03,13.020620346069336,80.22515106201172,45214920712,17090,117795
117865,03,03,13.021510124206543,80.22579956054688,45214920712,17100,117865
117932,03,03,13.022319793701172,80.2264404296875,45214920712,17110,117932
117989,03,03,13.023130416870117,80.2271499633789,45214920712,17120,117989
118063,03,03,13.023889541625977,80.2278823852539,45214920712,17130,118063
118137,03,03,13.024539947509766,80.22869110107422,45214920712,17141,118137
118206,03,03,13.02515983581543,80.22952270507812,45214920712,17151,118206
118266,03,03,13.025750160217285,80.23037719726562,45214920712,17161,118266
118338,03,03,13.026049613952637,80.23114013671875,45214920712,17171,118338
118405,03,03,13.026180267333984,80.23136901855469,45214920712,17181,118405
118472,03,03,13.026639938354492,80.23123931884766,45214920712,17191,118472
118541,03,03,13.027159690856934,80.2311019897461,45214920712,17201,118541
118607,03,03,13.02748966217041,80.23103332519531,45214920712,17211,118607
118669,03,03,13.028129577636719,80.23094940185547,45214920712,17221,118669
118743,03,03,13.028980255126953,80.2308578491211,45214920712,17231,118743
118810,03,03,13.029580116271973,80.23079681396484,45214920712,17242,118810
118882,03,03,13.03024959564209,80.23074340820312,45214920712,17252,118882
118948,03,03,13.030989646911621,80.23068237304688,45214920712,17262,118948
119014,03,03,13.031780242919922,80.2306137084961,45214920712,17272,119014
119082,03,03,13.032500267028809,80.23053741455078,45214920712,17282,119082
119150,03,03,13.032659530639648,80.23053741455078,45214920712,17292,119150
119220,03,03,13.033209800720215,80.23052215576172,45214920712,17302,119220
119285,03,03,13.03378963470459,80.23047637939453,45214920712,17312,119285
119357,03,03,13.034139633178711,80.23043060302734,45214920712,17322,119357
119423,03,03,13.034199714660645,80.23042297363281,45214920712,17332,119423
119497,03,03,13.034259796142578,80.23042297363281,45214920712,17343,119497
119560,03,03,13.034549713134766,80.23040008544922,45214920712,17353,119560
119628,03,03,13.034979820251465,80.23026275634766,45214920712,17363,119628
119694,03,03,13.03551959991455,80.23037719726562,45214920712,17373,119694
119769,03,03,13.036230087280273,80.23059844970703,45214920712,17383,119769
119827,03,03,13.036620140075684,80.230712890625,45214920712,17393,119827
119894,03,03,13.036970138549805,80.2308578491211,45214920712,17403,119894
119959,03,03,13.03777027130127,80.23104858398438,45214920712,17413,119959
120035,03,03,13.038629531860352,80.2313232421875,45214920712,17423,120035
120095,03,03,13.039340019226074,80.23152160644531,45214920712,17433,120095
120171,03,03,13.040229797363281,80.23175048828125,45214920712,17444,120171
120241,03,03,13.041170120239258,80.23210144042969,45214920712,17454,120241
120306,03,03,13.042200088500977,80.2323226928711,45214920712,17464,120306
120375,03,03,13.043140411376953,80.23233795166016,45214920712,17474,120375
120442,03,03,13.044119834899902,80.232421875,45214920712,17484,120442
120510,03,03,13.044949531555176,80.23255920410156,45214920712,17494,120510
120579,03,03,13.045700073242188,80.23269653320312,45214920712,17504,120579
120646,03,03,13.046540260314941,80.23284912109375,45214920712,17514,120646
120709,03,03,13.047249794006348,80.23300170898438,45214920712,17524,120709
120780,03,03,13.047439575195312,80.2327880859375,45214920712,17534,120780
120849,03,03,13.047530174255371,80.23222351074219,45214920712,17545,120849
120919,03,03,13.047619819641113,80.23149871826172,45214920712,17555,120919
120987,03,03,13.047699928283691,80.2308120727539,45214920712,17565,120987
121057,03,03,13.047599792480469,80.2302474975586,45214920712,17575,121057
121120,03,03,13.047300338745117,80.22988891601562,45214920712,17585,121120
121188,03,03,13.046799659729004,80.22979736328125,45214920712,17595,121188
121253,03,03,13.046099662780762,80.2297134399414,45214920712,17605,121253
121324,03,03,13.045379638671875,80.22956848144531,45214920712,17615,121324
121390,03,03,13.044739723205566,80.22944641113281,45214920712,17625,121390
121456,03,03,13.044500350952148,80.22940063476562,45214920712,17635,121456
121510,03,03,13.044329643249512,80.22936248779297,45214920712,17644,121510
121592,03,03,13.044329643249512,80.22936248779297,45214920712,17656,121592
121657,03,03,13.044329643249512,80.22936248779297,45214920712,17666,121657
121725,03,03,13.044329643249512,80.22936248779297,45214920712,17676,121725
121795,03,03,13.044329643249512,80.22936248779297,45214920712,17686,121795
121858,03,03,13.044329643249512,80.22936248779297,45214920712,17696,121858
121926,03,03,13.044329643249512,80.22936248779297,45214920712,17706,121926
121994,03,03,13.044329643249512,80.22936248779297,45214920712,17716,121994
122064,03,03,13.044329643249512,80.22936248779297,45214920712,17726,122064
122128,03,03,13.044329643249512,80.22936248779297,45214920712,17736,122128
122199,03,03,13.044119834899902,80.22930908203125,45214920712,17746,122199
122268,03,03,13.043899536132812,80.22923278808594,45214920712,17757,122268
122335,03,03,13.04397964477539,80.22882843017578,45214920712,17767,122335
122407,03,03,13.04419994354248,80.22811126708984,45214920712,17777,122407
122473,03,03,13.0443696975708,80.2274169921875,45214920712,17787,122473
122542,03,03,13.044610023498535,80.22654724121094,45214920712,17797,122542
122610,03,03,13.044790267944336,80.22588348388672,45214920712,17807,122610
122678,03,03,13.045089721679688,80.22575378417969,45214920712,17817,122678
122745,03,03,13.04578971862793,80.22598266601562,45214920712,17827,122745
122811,03,03,13.046589851379395,80.22624206542969,45214920712,17837,122811
122880,03,03,13.047410011291504,80.22648620605469,45214920712,17847,122880
122948,03,03,13.04835033416748,80.22676086425781,45214920712,17858,122948
123016,03,03,13.049099922180176,80.22693634033203,45214920712,17868,123016
123083,03,03,13.049860000610352,80.22704315185547,45214920712,17878,123083
123153,03,03,13.050840377807617,80.22724914550781,45214920712,17888,123153
123220,03,03,13.051730155944824,80.22743225097656,45214920712,17898,123220
123287,03,03,13.052450180053711,80.22759246826172,45214920712,17908,123287
123350,03,03,13.053279876708984,80.22775268554688,45214920712,17918,123350
123413,03,03,13.053899765014648,80.22775268554688,45214920712,17928,123413
123489,03,03,13.053899765014648,80.2272720336914,45214920712,17938,123489
123558,03,03,13.05383014678955,80.22659301757812,45214920712,17948,123558
123630,03,03,13.053620338439941,80.22535705566406,45214920712,17959,123630
123695,03,03,13.053400039672852,80.22431182861328,45214920712,17969,123695
123759,03,03,13.053170204162598,80.22322082519531,45214920712,17979,123759
123826,03,03,13.052889823913574,80.22216796875,45214920712,17989,123826
123890,03,03,13.052610397338867,80.22115325927734,45214920712,17999,123890
123961,03,03,13.052379608154297,80.2203598022461,45214920712,18009,123961
124028,03,03,13.052189826965332,80.21965789794922,45214920712,18019,124028
124097,03,03,13.052009582519531,80.2189712524414,45214920712,18029,124097
124157,03,03,13.051779747009277,80.21826934814453,45214920712,18039,124157
124228,03,03,13.051460266113281,80.2174301147461,45214920712,18049,124228
124295,03,03,13.051130294799805,80.21646118164062,45214920712,18059,124295
124365,03,03,13.050849914550781,80.21553802490234,45214920712,18070,124365
124431,03,03,13.050680160522461,80.21495819091797,45214920712,18080,124431
124499,03,03,13.05049991607666,80.2145767211914,45214920712,18090,124499
124568,03,03,13.050379753112793,80.21420288085938,45214920712,18100,124568
124639,03,03,13.050209999084473,80.21376037597656,45214920712,18110,124639
124708,03,03,13.050060272216797,80.21308898925781,45214920712,18120,124708
124776,03,03,13.049969673156738,80.21244049072266,45214920712,18130,124776
124841,03,03,13.049949645996094,80.2122573852539,45214920712,18140,124841
124914,03,03,13.049949645996094,80.2122573852539,45214920712,18150,124914
124970,03,03,13.049949645996094,80.2122573852539,45214920712,18160,124970
125050,03,03,13.049869537353516,80.21208953857422,45214920712,18171,125050
125117,03,03,13.049850463867188,80.21202850341797,45214920712,18181,125117
125184,03,03,13.049850463867188,80.21202850341797,45214920712,18191,125184
125254,03,03,13.049850463867188,80.21195983886719,45214920712,18201,125254
125322,03,03,13.049830436706543,80.21161651611328,45214920712,18211,125322
125390,03,03,13.04971981048584,80.2110595703125,45214920712,18221,125390
125459,03,03,13.049630165100098,80.21044158935547,45214920712,18231,125459
125523,03,03,13.049519538879395,80.20967102050781,45214920712,18241,125523
125595,03,03,13.049409866333008,80.20890045166016,45214920712,18251,125595
125662,03,03,13.049260139465332,80.20825958251953,45214920712,18261,125662
125735,03,03,13.049059867858887,80.2076416015625,45214920712,18272,125735
125804,03,03,13.048890113830566,80.2071533203125,45214920712,18282,125804
125871,03,03,13.048859596252441,80.20694732666016,45214920712,18292,125871
125940,03,03,13.049059867858887,80.20684051513672,45214920712,18302,125940
126010,03,03,13.049150466918945,80.20704650878906,45214920712,18312,126010
126079,03,03,13.04911994934082,80.20726776123047,45214920712,18322,126079
126148,03,03,13.049099922180176,80.20755004882812,45214920712,18332,126148
126209,03,03,13.049269676208496,80.20805358886719,45214920712,18342,126209
126283,03,03,13.049449920654297,80.20873260498047,45214920712,18352,126283
126348,03,03,13.049590110778809,80.20954132080078,45214920712,18362,126348
126421,03,03,13.049699783325195,80.2103271484375,45214920712,18373,126421
126490,03,03,13.049790382385254,80.21109008789062,45214920712,18383,126490
126559,03,03,13.04990005493164,80.21170043945312,45214920712,18393,126559
126625,03,03,13.049920082092285,80.21180725097656,45214920712,18402,126625
126694,03,03,13.049920082092285,80.21180725097656,45214920712,18413,126694
126763,03,03,13.049920082092285,80.21180725097656,45214920712,18423,126763
126835,03,03,13.049920082092285,80.21180725097656,45214920712,18433,126835
126904,03,03,13.049980163574219,80.21196746826172,45214920712,18443,126904
126973,03,03,13.049980163574219,80.21198272705078,45214920712,18453,126973
127033,03,03,13.049969673156738,80.21217346191406,45214920712,18463,127033
127108,03,03,13.049989700317383,80.2123794555664,45214920712,18473,127108
127179,03,03,13.050029754638672,80.21275329589844,45214920712,18484,127179
127250,03,03,13.050040245056152,80.21288299560547,45214920712,18494,127250
127317,03,03,13.050040245056152,80.21288299560547,45214920712,18504,127317
127381,03,03,13.050100326538086,80.21305084228516,45214920712,18514,127381
127450,03,03,13.050180435180664,80.2135009765625,45214920712,18524,127450
127520,03,03,13.05033016204834,80.21401977539062,45214920712,18534,127520
127592,03,03,13.05053997039795,80.21453857421875,45214920712,18544,127592
127660,03,03,13.050789833068848,80.2151870727539,45214920712,18554,127660
127728,03,03,13.050999641418457,80.21585845947266,45214920712,18564,127728
127796,03,03,13.051219940185547,80.21653747558594,45214920712,18574,127796
127867,03,03,13.05154037475586,80.21748352050781,45214920712,18585,127867
127935,03,03,13.051830291748047,80.2182388305664,45214920712,18595,127935
128003,03,03,13.05208969116211,80.21903991699219,45214920712,18605,128003
128073,03,03,13.052300453186035,80.21985626220703,45214920712,18615,128073
128141,03,03,13.052579879760742,80.22087097167969,45214920712,18625,128141
128211,03,03,13.052740097045898,80.22157287597656,45214920712,18635,128211
128310,03,03,13.053139686584473,80.22296142578125,45214920712,18651,128310
128391,03,03,13.053420066833496,80.22415924072266,45214920712,18663,128391
128446,03,03,13.053620338439941,80.22505187988281,45214920712,18671,128446
128518,03,03,13.05387020111084,80.22640991210938,45214920712,18683,128518
128601,03,03,13.05403995513916,80.22769927978516,45214920712,18695,128601
128681,03,03,13.054140090942383,80.2284164428711,45214920712,18705,128681
128747,03,03,13.054180145263672,80.22915649414062,45214920712,18715,128747
128814,03,03,13.054189682006836,80.22978210449219,45214920712,18725,128814
128881,03,03,13.054169654846191,80.2303466796875,45214920712,18735,128881
128947,03,03,13.054160118103027,80.23062896728516,45214920712,18745,128947
129016,03,03,13.053970336914062,80.23062133789062,45214920712,18755,129016
129085,03,03,13.053400039672852,80.23058319091797,45214920712,18765,129085
129250,03,03,13.052000045776367,80.23039245605469,45214920712,18789,129250
129323,03,03,13.051560401916504,80.23027038574219,45214920712,18801,129323
129391,03,03,13.051010131835938,80.23018646240234,45214920712,18811,129391
129456,03,03,13.05016040802002,80.2301025390625,45214920712,18820,129456
129526,03,03,13.049240112304688,80.23011016845703,45214920712,18831,129526
129594,03,03,13.048450469970703,80.2300796508789,45214920712,18841,129594
129662,03,03,13.048009872436523,80.23023223876953,45214920712,18851,129662
129730,03,03,13.047719955444336,80.23058319091797,45214920712,18861,129730
129798,03,03,13.047630310058594,80.23135375976562,45214920712,18871,129798
129866,03,03,13.047539710998535,80.23213195800781,45214920712,18881,129866
129930,03,03,13.047470092773438,80.23272705078125,45214920712,18891,129930
130003,03,03,13.047470092773438,80.2330322265625,45214920712,18902,130003
130072,03,03,13.04773998260498,80.23309326171875,45214920712,18912,130072
130139,03,03,13.048290252685547,80.23320770263672,45214920712,18922,130139
130207,03,03,13.048930168151855,80.23339080810547,45214920712,18932,130207
130275,03,03,13.04971981048584,80.23358917236328,45214920712,18942,130275
130342,03,03,13.050530433654785,80.23375701904297,45214920712,18952,130342
130411,03,03,13.05132007598877,80.23390197753906,45214920712,18962,130411
130480,03,03,13.052350044250488,80.23413848876953,45214920712,18972,130480
130545,03,03,13.053250312805176,80.2343978881836,45214920712,18981,130545
130618,03,03,13.05383014678955,80.23470306396484,45214920712,18993,130618
130687,03,03,13.053669929504395,80.23535919189453,45214920712,19003,130687
130756,03,03,13.053500175476074,80.23623657226562,45214920712,19013,130756
130823,03,03,13.053339958190918,80.23693084716797,45214920712,19023,130823
130893,03,03,13.05325984954834,80.23744201660156,45214920712,19033,130893
130961,03,03,13.053230285644531,80.23780059814453,45214920712,19043,130961
131028,03,03,13.053119659423828,80.23829650878906,45214920712,19053,131028
131097,03,03,13.052909851074219,80.2392578125,45214920712,19063,131097
131164,03,03,13.052639961242676,80.2403793334961,45214920712,19073,131164
131231,03,03,13.052579879760742,80.24136352539062,45214920712,19083,131231
131302,03,03,13.052749633789062,80.24224853515625,45214920712,19094,131302
131371,03,03,13.052849769592285,80.2431411743164,45214920712,19104,131371
131438,03,03,13.052760124206543,80.2437973022461,45214920712,19114,131438
131507,03,03,13.052740097045898,80.24462127685547,45214920712,19124,131507
131577,03,03,13.05282974243164,80.24545288085938,45214920712,19134,131577
131644,03,03,13.052940368652344,80.24627685546875,45214920712,19144,131644
131713,03,03,13.053130149841309,80.24720001220703,45214920712,19154,131713
131777,03,03,13.053359985351562,80.24815368652344,45214920712,19163,131777
131850,03,03,13.053620338439941,80.24929809570312,45214920712,19174,131850
131918,03,03,13.053759574890137,80.2499771118164,45214920712,19184,131918
131985,03,03,13.053620338439941,80.2503890991211,45214920712,19194,131985
132053,03,03,13.053019523620605,80.25071716308594,45214920712,19205,132053
132123,03,03,13.052800178527832,80.25083923339844,45214920712,19215,132123
132187,03,03,13.05243968963623,80.25100708007812,45214920712,19225,132187
132256,03,03,13.052140235900879,80.2511215209961,45214920712,19235,132256
132321,03,03,13.051759719848633,80.2508316040039,45214920712,19244,132321
132390,03,03,13.051019668579102,80.25071716308594,45214920712,19254,132390
132462,03,03,13.050559997558594,80.25025939941406,45214920712,19265,132462
132529,03,03,13.049949645996094,80.24993133544922,45214920712,19275,132529
132598,03,03,13.049139976501465,80.24980163574219,45214920712,19285,132598
132664,03,03,13.048290252685547,80.24951934814453,45214920712,19295,132664
132735,03,03,13.047470092773438,80.24884033203125,45214920712,19306,132735
132798,03,03,13.046629905700684,80.24858856201172,45214920712,19316,132798
132866,03,03,13.045760154724121,80.24844360351562,45214920712,19326,132866
132938,03,03,13.045089721679688,80.24816131591797,45214920712,19336,132938
133002,03,03,13.044260025024414,80.24800109863281,45214920712,19346,133002
133069,03,03,13.043390274047852,80.24786376953125,45214920712,19356,133069
133137,03,03,13.04248046875,80.24765014648438,45214920712,19366,133137
133204,03,03,13.041580200195312,80.24745178222656,45214920712,19376,133204
133268,03,03,13.040630340576172,80.24726104736328,45214920712,19386,133268
133337,03,03,13.039790153503418,80.24710845947266,45214920712,19396,133337
133405,03,03,13.039400100708008,80.2470703125,45214920712,19407,133405
133473,03,03,13.039340019226074,80.24739074707031,45214920712,19417,133473
133539,03,03,13.039340019226074,80.24758911132812,45214920712,19427,133539
133607,03,03,13.03927993774414,80.24775695800781,45214920712,19437,133607
133678,03,03,13.039230346679688,80.24812316894531,45214920712,19447,133678
133745,03,03,13.039179801940918,80.24848175048828,45214920712,19457,133745
133812,03,03,13.039130210876465,80.2488784790039,45214920712,19467,133812
133879,03,03,13.03905963897705,80.24929809570312,45214920712,19477,133879
133946,03,03,13.039050102233887,80.2497787475586,45214920712,19487,133946
134013,03,03,13.038979530334473,80.25023651123047,45214920712,19497,134013
134083,03,03,13.038900375366211,80.25076293945312,45214920712,19508,134083
134153,03,03,13.038809776306152,80.25128936767578,45214920712,19518,134153
134223,03,03,13.038740158081055,80.25177764892578,45214920712,19528,134223
134292,03,03,13.038660049438477,80.25243377685547,45214920712,19538,134292
134361,03,03,13.038559913635254,80.25308227539062,45214920712,19548,134361
134429,03,03,13.038479804992676,80.25376892089844,45214920712,19558,134429
134500,03,03,13.038379669189453,80.25453186035156,45214920712,19568,134500
134568,03,03,13.038269996643066,80.25530242919922,45214920712,19578,134568
134636,03,03,13.038169860839844,80.25607299804688,45214920712,19588,134636
134706,03,03,13.038089752197266,80.25655364990234,45214920712,19598,134706
134776,03,03,13.037690162658691,80.25692749023438,45214920712,19609,134776
134844,03,03,13.036919593811035,80.25702667236328,45214920712,19619,134844
134913,03,03,13.036020278930664,80.25704193115234,45214920712,19629,134913
134983,03,03,13.035160064697266,80.25704956054688,45214920712,19639,134983
135052,03,03,13.034339904785156,80.25701904296875,45214920712,19649,135052
135118,03,03,13.033610343933105,80.25691986083984,45214920712,19659,135118
135187,03,03,13.03302001953125,80.25686645507812,45214920712,19669,135187
135256,03,03,13.032230377197266,80.25679016113281,45214920712,19679,135256
135326,03,03,13.031590461730957,80.25672912597656,45214920712,19689,135326
135327,03,03,13.031590461730957,80.25672912597656,45214920712,19689,135327
135401,03,03,13.031100273132324,80.25669860839844,45214920712,19699,135401
135472,03,03,13.030759811401367,80.25666809082031,45214920712,19709,135472
135540,03,03,13.030229568481445,80.25660705566406,45214920712,19720,135540
135607,03,03,13.029419898986816,80.25655364990234,45214920712,19730,135607
135679,03,03,13.028840065002441,80.25650024414062,45214920712,19740,135679
135743,03,03,13.028200149536133,80.25640106201172,45214920712,19750,135743
135816,03,03,13.027620315551758,80.25641632080078,45214920712,19761,135816
135882,03,03,13.027219772338867,80.2564926147461,45214920712,19771,135882
135950,03,03,13.026849746704102,80.25668334960938,45214920712,19781,135950
136019,03,03,13.026379585266113,80.25700378417969,45214920712,19791,136019
136091,03,03,13.02577018737793,80.25740051269531,45214920712,19801,136091
136160,03,03,13.025039672851562,80.25785064697266,45214920712,19811,136160
136231,03,03,13.024279594421387,80.25824737548828,45214920712,19823,136231
136300,03,03,13.023550033569336,80.25865936279297,45214920712,19833,136300
136369,03,03,13.022820472717285,80.25900268554688,45214920712,19843,136369
136439,03,03,13.022109985351562,80.25926971435547,45214920712,19853,136439
136507,03,03,13.021340370178223,80.25942993164062,45214920712,19863,136507
136582,03,03,13.02085018157959,80.259521484375,45214920712,19873,136582
136646,03,03,13.02042007446289,80.25959014892578,45214920712,19883,136646
136715,03,03,13.020110130310059,80.25965881347656,45214920712,19893,136715
136785,03,03,13.019579887390137,80.25975799560547,45214920712,19903,136785
136852,03,03,13.01906967163086,80.25985717773438,45214920712,19913,136852
136922,03,03,13.018699645996094,80.25994873046875,45214920712,19923,136922
136994,03,03,13.01869010925293,80.26032257080078,45214920712,19934,136994
137064,03,03,13.018730163574219,80.2608413696289,45214920712,19944,137064
137134,03,03,13.018799781799316,80.26129913330078,45214920712,19954,137134
137203,03,03,13.019200325012207,80.26168060302734,45214920712,19964,137203
137275,03,03,13.019700050354004,80.26217651367188,45214920712,19974,137275
137344,03,03,13.020259857177734,80.2627182006836,45214920712,19984,137344
137415,03,03,13.020119667053223,80.26300811767578,45214920712,19994,137415
137487,03,03,13.01945972442627,80.2629623413086,45214920712,20004,137487
137554,03,03,13.01906967163086,80.2629165649414,45214920712,20014,137554
137621,03,03,13.018879890441895,80.26242065429688,45214920712,20025,137621
137695,03,03,13.018770217895508,80.26165008544922,45214920712,20035,137695
137756,03,03,13.018580436706543,80.26122283935547,45214920712,20044,137756
137828,03,03,13.017849922180176,80.26074981689453,45214920712,20055,137828
137894,03,03,13.016940116882324,80.2601318359375,45214920712,20065,137894
137969,03,03,13.015859603881836,80.259521484375,45214920712,20075,137969
138031,03,03,13.014619827270508,80.25929260253906,45214920712,20085,138031
138102,03,03,13.013389587402344,80.25923919677734,45214920712,20095,138102
138164,03,03,13.012249946594238,80.25921630859375,45214920712,20105,138164
138234,03,03,13.011260032653809,80.25919342041016,45214920712,20115,138234
138315,03,03,13.01023006439209,80.25923156738281,45214920712,20126,138315
138383,03,03,13.009300231933594,80.25921630859375,45214920712,20136,138383
138448,03,03,13.008779525756836,80.25920867919922,45214920712,20146,138448
138520,03,03,13.008440017700195,80.25920867919922,45214920712,20156,138520
138586,03,03,13.007800102233887,80.25935363769531,45214920712,20166,138586
138659,03,03,13.007329940795898,80.25907135009766,45214920712,20176,138659
138718,03,03,13.006970405578613,80.25830841064453,45214920712,20186,138718
138797,03,03,13.006549835205078,80.25773620605469,45214920712,20196,138797
138866,03,03,13.005860328674316,80.25746154785156,45214920712,20206,138866
138934,03,03,13.005000114440918,80.25724029541016,45214920712,20216,138934
139008,03,03,13.00409984588623,80.25704193115234,45214920712,20227,139008
139075,03,03,13.003279685974121,80.25688171386719,45214920712,20237,139075
139142,03,03,13.002440452575684,80.25672149658203,45214920712,20247,139142
139210,03,03,13.001489639282227,80.25656127929688,45214920712,20257,139210
139276,03,03,13.000579833984375,80.25643157958984,45214920712,20267,139276
139351,03,03,12.99960994720459,80.2562484741211,45214920712,20277,139351
139414,03,03,12.998649597167969,80.25607299804688,45214920712,20287,139414
139480,03,03,12.997960090637207,80.25599670410156,45214920712,20297,139480
139558,03,03,12.997779846191406,80.25599670410156,45214920712,20307,139558
139621,03,03,12.997779846191406,80.25599670410156,45214920712,20317,139621
139685,03,03,12.997699737548828,80.25615692138672,45214920712,20327,139685
139768,03,03,12.997770309448242,80.25631713867188,45214920712,20338,139768
139835,03,03,12.997819900512695,80.25636291503906,45214920712,20348,139835
139899,03,03,12.997920036315918,80.25637817382812,45214920712,20358,139899
139969,03,03,12.998040199279785,80.25646209716797,45214920712,20368,139969
140037,03,03,12.998000144958496,80.2566909790039,45214920712,20378,140037
140108,03,03,12.998259544372559,80.25675964355469,45214920712,20388,140108
140173,03,03,12.998279571533203,80.25675964355469,45214920712,20398,140173
140241,03,03,12.998279571533203,80.25675964355469,45214920712,20408,140241
140307,03,03,12.998279571533203,80.25675964355469,45214920712,20418,140307
140369,03,03,12.998279571533203,80.25675964355469,45214920712,20428,140369
140452,03,03,12.998279571533203,80.25675964355469,45214920712,20439,140452
140520,03,03,12.998279571533203,80.25675964355469,45214920712,20449,140520
140584,03,03,12.998279571533203,80.25675964355469,45214920712,20459,140584
140650,03,03,12.998279571533203,80.25675964355469,45214920712,20469,140650
140719,03,03,12.998279571533203,80.25675964355469,45214920712,20479,140719
140790,03,03,12.998279571533203,80.25675964355469,45214920712,20489,140790
140852,03,03,12.998279571533203,80.25675964355469,45214920712,20499,140852
140914,03,03,12.998279571533203,80.25675964355469,45214920712,20509,140914
140988,03,03,12.998279571533203,80.25675964355469,45214920712,20519,140988
141057,03,03,12.998279571533203,80.25675964355469,45214920712,20529,141057
141132,03,03,12.998279571533203,80.25675964355469,45214920712,20540,141132
141201,03,03,12.998279571533203,80.25675964355469,45214920712,20550,141201
141268,03,03,12.998279571533203,80.25675964355469,45214920712,20560,141268
141334,03,03,12.998279571533203,80.25675964355469,45214920712,20570,141334
141399,03,03,12.998279571533203,80.25675964355469,45214920712,20580,141399
141467,03,03,12.998279571533203,80.25675964355469,45214920712,20590,141467
141531,03,03,12.998279571533203,80.25675964355469,45214920712,20600,141531
141599,03,03,12.998279571533203,80.25675964355469,45214920712,20610,141599
141667,03,03,12.998279571533203,80.25675964355469,45214920712,20620,141667
141738,03,03,12.998279571533203,80.25675964355469,45214920712,20630,141738
141812,03,03,12.998279571533203,80.25675964355469,45214920712,20641,141812
141874,03,03,12.998279571533203,80.25675964355469,45214920712,20651,141874
141943,03,03,12.998279571533203,80.25675964355469,45214920712,20661,141943
142009,03,03,12.998279571533203,80.25675964355469,45214920712,20671,142009
142081,03,03,12.998279571533203,80.25675964355469,45214920712,20681,142081
142147,03,03,12.998279571533203,80.25675964355469,45214920712,20691,142147
142214,03,03,12.998279571533203,80.25675964355469,45214920712,20701,142214
142282,03,03,12.998279571533203,80.25675964355469,45214920712,20711,142282
142349,03,03,12.998279571533203,80.25675964355469,45214920712,20721,142349
142418,03,03,12.998279571533203,80.25675964355469,45214920712,20731,142418
142485,03,03,12.998279571533203,80.25675964355469,45214920712,20741,142485
142559,03,03,12.998279571533203,80.25675964355469,45214920712,20752,142559
142629,03,03,12.998279571533203,80.25675964355469,45214920712,20762,142629
142692,03,03,12.998279571533203,80.25675964355469,45214920712,20772,142692
142761,03,03,12.998279571533203,80.25675964355469,45214920712,20782,142761
142832,03,03,12.998279571533203,80.25675964355469,45214920712,20792,142832
142895,03,03,12.998279571533203,80.25675964355469,45214920712,20802,142895
142965,03,03,12.998279571533203,80.25675964355469,45214920712,20812,142965
143032,03,03,12.998279571533203,80.25675964355469,45214920712,20822,143032
143100,03,03,12.998279571533203,80.25675964355469,45214920712,20832,143100
143165,03,03,12.998279571533203,80.25675964355469,45214920712,20842,143165
143235,03,03,12.998279571533203,80.25675964355469,45214920712,20853,143235
143304,03,03,12.998279571533203,80.25675964355469,45214920712,20863,143304
143374,03,03,12.998279571533203,80.25675964355469,45214920712,20873,143374
143440,03,03,12.998279571533203,80.25675964355469,45214920712,20883,143440
143511,03,03,12.998279571533203,80.25675964355469,45214920712,20893,143511
143576,03,03,12.998279571533203,80.25675964355469,45214920712,20903,143576
143642,03,03,12.998279571533203,80.25675964355469,45214920712,20913,143642
143713,03,03,12.998279571533203,80.25675964355469,45214920712,20923,143713
143780,03,03,12.998279571533203,80.25675964355469,45214920712,20933,143780
143848,03,03,12.998279571533203,80.25675964355469,45214920712,20943,143848
143920,03,03,12.998279571533203,80.25675964355469,45214920712,20954,143920
143994,03,03,12.998279571533203,80.25675964355469,45214920712,20964,143994
144053,03,03,12.998279571533203,80.25675964355469,45214920712,20974,144053
144119,03,03,12.998279571533203,80.25675964355469,45214920712,20984,144119
144188,03,03,12.998279571533203,80.25675964355469,45214920712,20994,144188
144254,03,03,12.998279571533203,80.25675964355469,45214920712,21004,144254
144318,03,03,12.998279571533203,80.25675964355469,45214920712,21014,144318
144384,03,03,12.998279571533203,80.25675964355469,45214920712,21024,144384
144449,03,03,12.998279571533203,80.25675964355469,45214920712,21034,144449
144517,03,03,12.998279571533203,80.25675964355469,45214920712,21044,144517
144589,03,03,12.998279571533203,80.25675964355469,45214920712,21055,144589
144661,03,03,12.998279571533203,80.25675964355469,45214920712,21065,144661
144725,03,03,12.998279571533203,80.25675964355469,45214920712,21075,144725
144794,03,03,12.998370170593262,80.2570571899414,45214920712,21085,144794
144862,03,03,12.997900009155273,80.2571029663086,45214920712,21095,144862
144933,03,03,12.997509956359863,80.2570571899414,45214920712,21105,144933
145003,03,03,12.997509956359863,80.2570571899414,45214920712,21115,145003
145065,03,03,12.997509956359863,80.2570571899414,45214920712,21125,145065
145132,03,03,12.997509956359863,80.2570571899414,45214920712,21135,145132
145201,03,03,12.997340202331543,80.25702667236328,45214920712,21145,145201
145276,03,03,12.99724006652832,80.25704956054688,45214920712,21156,145276
145339,03,03,12.99724006652832,80.25704956054688,45214920712,21166,145339
145410,03,03,12.99724006652832,80.25704956054688,45214920712,21176,145410
145477,03,03,12.99724006652832,80.25704956054688,45214920712,21186,145477
145544,03,03,12.99724006652832,80.25704956054688,45214920712,21196,145544
145616,03,03,12.99724006652832,80.25704956054688,45214920712,21206,145616
145683,03,03,12.99724006652832,80.25704956054688,45214920712,21216,145683
145757,03,03,12.99724006652832,80.25704956054688,45214920712,21226,145757
145823,03,03,12.99724006652832,80.25704956054688,45214920712,21236,145823
145890,03,03,12.99724006652832,80.25704956054688,45214920712,21246,145890
145959,03,03,12.99724006652832,80.25704956054688,45214920712,21256,145959
146027,03,03,12.99724006652832,80.25704956054688,45214920712,21267,146027
146101,03,03,12.99724006652832,80.25704956054688,45214920712,21277,146101
146163,03,03,12.99724006652832,80.25704956054688,45214920712,21287,146163
146231,03,03,12.99724006652832,80.25704956054688,45214920712,21297,146231
146302,03,03,12.99724006652832,80.25704956054688,45214920712,21307,146302
146369,03,03,12.99724006652832,80.25704956054688,45214920712,21317,146369
146435,03,03,12.99724006652832,80.25704956054688,45214920712,21327,146435
146501,03,03,12.99724006652832,80.25704956054688,45214920712,21337,146501
146572,03,03,12.99724006652832,80.25704956054688,45214920712,21347,146572
146641,03,03,12.99724006652832,80.25704956054688,45214920712,21357,146641
146710,03,03,12.99724006652832,80.25704956054688,45214920712,21368,146710
146781,03,03,12.99724006652832,80.25704956054688,45214920712,21378,146781
146848,03,03,12.99724006652832,80.25704956054688,45214920712,21388,146848
146914,03,03,12.99724006652832,80.25704956054688,45214920712,21398,146914
146983,03,03,12.99724006652832,80.25704956054688,45214920712,21408,146983
147048,03,03,12.99724006652832,80.25704956054688,45214920712,21418,147048
147115,03,03,12.99724006652832,80.25704956054688,45214920712,21428,147115
147185,03,03,12.99724006652832,80.25704956054688,45214920712,21438,147185
147250,03,03,12.997540473937988,80.2569808959961,45214920712,21448,147250
147321,03,03,12.997699737548828,80.2567367553711,45214920712,21458,147321
147388,03,03,12.997679710388184,80.25636291503906,45214920712,21469,147388
147457,03,03,12.997679710388184,80.25631713867188,45214920712,21479,147457
147524,03,03,12.997679710388184,80.25631713867188,45214920712,21489,147524
147591,03,03,12.997679710388184,80.25631713867188,45214920712,21499,147591
147664,03,03,12.997679710388184,80.25631713867188,45214920712,21509,147664
147727,03,03,12.997679710388184,80.25631713867188,45214920712,21519,147727
147797,03,03,12.997679710388184,80.25631713867188,45214920712,21529,147797
147864,03,03,12.997679710388184,80.25631713867188,45214920712,21539,147864
147931,03,03,12.997679710388184,80.25631713867188,45214920712,21549,147931
148000,03,03,12.997679710388184,80.25631713867188,45214920712,21559,148000
148077,03,03,12.997650146484375,80.25594329833984,45214920712,21570,148077
148137,03,03,12.997509956359863,80.2559814453125,45214920712,21580,148137
148206,03,03,12.997509956359863,80.2559814453125,45214920712,21590,148206
148275,03,03,12.997509956359863,80.2559814453125,45214920712,21600,148275
148343,03,03,12.997509956359863,80.2559814453125,45214920712,21610,148343
148407,03,03,12.997509956359863,80.2559814453125,45214920712,21620,148407
148479,03,03,12.997509956359863,80.2559814453125,45214920712,21630,148479
148542,03,03,12.997509956359863,80.2559814453125,45214920712,21640,148542
148612,03,03,12.997509956359863,80.2559814453125,45214920712,21650,148612
148675,03,03,12.997509956359863,80.2559814453125,45214920712,21660,148675
148746,03,03,12.997509956359863,80.2559814453125,45214920712,21670,148746
148814,03,03,12.997509956359863,80.2559814453125,45214920712,21681,148814
148881,03,03,12.997509956359863,80.2559814453125,45214920712,21691,148881
148952,03,03,12.997509956359863,80.2559814453125,45214920712,21701,148952
149021,03,03,12.997509956359863,80.2559814453125,45214920712,21711,149021
149088,03,03,12.997509956359863,80.2559814453125,45214920712,21721,149088
149156,03,03,12.997509956359863,80.2559814453125,45214920712,21731,149156
149222,03,03,12.997509956359863,80.2559814453125,45214920712,21741,149222
149291,03,03,12.997509956359863,80.2559814453125,45214920712,21751,149291
149358,03,03,12.997509956359863,80.2559814453125,45214920712,21761,149358
149426,03,03,12.997509956359863,80.2559814453125,45214920712,21771,149426
149494,03,03,12.997509956359863,80.2559814453125,45214920712,21782,149494
149565,03,03,12.997509956359863,80.2559814453125,45214920712,21792,149565
149633,03,03,12.997509956359863,80.2559814453125,45214920712,21802,149633
149701,03,03,12.997509956359863,80.2559814453125,45214920712,21812,149701
149768,03,03,12.997509956359863,80.2559814453125,45214920712,21822,149768
149840,03,03,12.997509956359863,80.2559814453125,45214920712,21832,149840
149908,03,03,12.997509956359863,80.2559814453125,45214920712,21842,149908
149972,03,03,12.997509956359863,80.2559814453125,45214920712,21852,149972
150045,03,03,12.997509956359863,80.2559814453125,45214920712,21862,150045
150112,03,03,12.997509956359863,80.2559814453125,45214920712,21872,150112
150190,03,03,12.997509956359863,80.2559814453125,45214920712,21883,150190
150253,03,03,12.997509956359863,80.2559814453125,45214920712,21893,150253
150325,03,03,12.997509956359863,80.2559814453125,45214920712,21903,150325
150390,03,03,12.997509956359863,80.2559814453125,45214920712,21913,150390
150458,03,03,12.997509956359863,80.2559814453125,45214920712,21923,150458
150524,03,03,12.997509956359863,80.2559814453125,45214920712,21933,150524
150594,03,03,12.997509956359863,80.2559814453125,45214920712,21943,150594
150663,03,03,12.997509956359863,80.2559814453125,45214920712,21953,150663
150729,03,03,12.997509956359863,80.2559814453125,45214920712,21963,150729
150800,03,03,12.997509956359863,80.2559814453125,45214920712,21973,150800
150874,03,03,12.997509956359863,80.2559814453125,45214920712,21984,150874
150942,03,03,12.997509956359863,80.2559814453125,45214920712,21994,150942
151009,03,03,12.997509956359863,80.2559814453125,45214920712,22004,151009
151079,03,03,12.997509956359863,80.2559814453125,45214920712,22014,151079
151146,03,03,12.997509956359863,80.2559814453125,45214920712,22024,151146
151215,03,03,12.997509956359863,80.2559814453125,45214920712,22034,151215
151283,03,03,12.997509956359863,80.2559814453125,45214920712,22044,151283
151353,03,03,12.997509956359863,80.2559814453125,45214920712,22054,151353
151422,03,03,12.997509956359863,80.2559814453125,45214920712,22064,151422
151491,03,03,12.997509956359863,80.2559814453125,45214920712,22074,151491
151559,03,03,12.997509956359863,80.2559814453125,45214920712,22084,151559
151638,03,03,12.997509956359863,80.2559814453125,45214920712,22095,151638
151696,03,03,12.997509956359863,80.2559814453125,45214920712,22105,151696
151765,03,03,12.997509956359863,80.2559814453125,45214920712,22115,151765
151833,03,03,12.997509956359863,80.2559814453125,45214920712,22125,151833
151902,03,03,12.997509956359863,80.2559814453125,45214920712,22135,151902
151969,03,03,12.997509956359863,80.2559814453125,45214920712,22145,151969
152036,03,03,12.997509956359863,80.2559814453125,45214920712,22155,152036
152106,03,03,12.997509956359863,80.2559814453125,45214920712,22165,152106
152176,03,03,12.997509956359863,80.2559814453125,45214920712,22175,152176
152247,03,03,12.997509956359863,80.2559814453125,45214920712,22185,152247
152318,03,03,12.997509956359863,80.2559814453125,45214920712,22196,152318
152384,03,03,12.997509956359863,80.2559814453125,45214920712,22206,152384
152453,03,03,12.997509956359863,80.2559814453125,45214920712,22216,152453
152525,03,03,12.997509956359863,80.2559814453125,45214920712,22226,152525
152589,03,03,12.997509956359863,80.2559814453125,45214920712,22236,152589
152660,03,03,12.997509956359863,80.2559814453125,45214920712,22246,152660
152725,03,03,12.997509956359863,80.2559814453125,45214920712,22256,152725
152796,03,03,12.997509956359863,80.2559814453125,45214920712,22266,152796
152864,03,03,12.997509956359863,80.2559814453125,45214920712,22276,152864
152934,03,03,12.997509956359863,80.2559814453125,45214920712,22286,152934
153010,03,03,12.997509956359863,80.2559814453125,45214920712,22297,153010
153081,03,03,12.997509956359863,80.2559814453125,45214920712,22307,153081
153142,03,03,12.997509956359863,80.2559814453125,45214920712,22317,153142
153209,03,03,12.997509956359863,80.2559814453125,45214920712,22327,153209
153281,03,03,12.997509956359863,80.2559814453125,45214920712,22337,153281
153347,03,03,12.997509956359863,80.2559814453125,45214920712,22347,153347
153416,03,03,12.997509956359863,80.2559814453125,45214920712,22357,153416
153485,03,03,12.997509956359863,80.2559814453125,45214920712,22367,153485
153551,03,03,12.997509956359863,80.2559814453125,45214920712,22377,153551
153619,03,03,12.997509956359863,80.2559814453125,45214920712,22387,153619
153693,03,03,12.997509956359863,80.2559814453125,45214920712,22398,153693
153762,03,03,12.997509956359863,80.2559814453125,45214920712,22408,153762
153833,03,03,12.997509956359863,80.2559814453125,45214920712,22418,153833
153901,03,03,12.997509956359863,80.2559814453125,45214920712,22428,153901
153968,03,03,12.997509956359863,80.2559814453125,45214920712,22438,153968
154038,03,03,12.997509956359863,80.2559814453125,45214920712,22448,154038
154106,03,03,12.997509956359863,80.2559814453125,45214920712,22458,154106
154174,03,03,12.997509956359863,80.2559814453125,45214920712,22468,154174
154241,03,03,12.997509956359863,80.2559814453125,45214920712,22478,154241
154311,03,03,12.997509956359863,80.2559814453125,45214920712,22488,154311
154376,03,03,12.997509956359863,80.2559814453125,45214920712,22498,154376
154453,03,03,12.997509956359863,80.2559814453125,45214920712,22509,154453
154524,03,03,12.997509956359863,80.2559814453125,45214920712,22519,154524
154588,03,03,12.997509956359863,80.2559814453125,45214920712,22529,154588
154659,03,03,12.997509956359863,80.2559814453125,45214920712,22539,154659
154725,03,03,12.997509956359863,80.2559814453125,45214920712,22549,154725
154795,03,03,12.997509956359863,80.2559814453125,45214920712,22559,154795
154864,03,03,12.997509956359863,80.2559814453125,45214920712,22569,154864
154931,03,03,12.997509956359863,80.2559814453125,45214920712,22579,154931
154999,03,03,12.997509956359863,80.2559814453125,45214920712,22589,154999
155068,03,03,12.997509956359863,80.2559814453125,45214920712,22599,155068
155143,03,03,12.997509956359863,80.2559814453125,45214920712,22610,155143
155209,03,03,12.997509956359863,80.2559814453125,45214920712,22620,155209
155277,03,03,12.997509956359863,80.2559814453125,45214920712,22630,155277
155345,03,03,12.997509956359863,80.2559814453125,45214920712,22640,155345
155411,03,03,12.997509956359863,80.2559814453125,45214920712,22650,155411
155478,03,03,12.997509956359863,80.2559814453125,45214920712,22660,155478
155549,03,03,12.997509956359863,80.2559814453125,45214920712,22670,155549
155616,03,03,12.997509956359863,80.2559814453125,45214920712,22680,155616
155686,03,03,12.997509956359863,80.2559814453125,45214920712,22690,155686
155750,03,03,12.997509956359863,80.2559814453125,45214920712,22700,155750
155824,03,03,12.997509956359863,80.2559814453125,45214920712,22711,155824
155889,03,03,12.997509956359863,80.2559814453125,45214920712,22721,155889
155961,03,03,12.997509956359863,80.2559814453125,45214920712,22731,155961
156028,03,03,12.997509956359863,80.2559814453125,45214920712,22741,156028
156096,03,03,12.997509956359863,80.2559814453125,45214920712,22751,156096
156164,03,03,12.997509956359863,80.2559814453125,45214920712,22761,156164
156234,03,03,12.997509956359863,80.2559814453125,45214920712,22771,156234
156302,03,03,12.997509956359863,80.2559814453125,45214920712,22781,156302
156373,03,03,12.997509956359863,80.2559814453125,45214920712,22791,156373
156437,03,03,12.997509956359863,80.2559814453125,45214920712,22801,156437
156509,03,03,12.997509956359863,80.2559814453125,45214920712,22811,156509
156583,03,03,12.997509956359863,80.2559814453125,45214920712,22822,156583
156651,03,03,12.997509956359863,80.2559814453125,45214920712,22832,156651
156715,03,03,12.997509956359863,80.2559814453125,45214920712,22842,156715
156783,03,03,12.997509956359863,80.2559814453125,45214920712,22852,156783
156848,03,03,12.997509956359863,80.2559814453125,45214920712,22862,156848
156916,03,03,12.997509956359863,80.2559814453125,45214920712,22872,156916
156982,03,03,12.997509956359863,80.2559814453125,45214920712,22882,156982
157050,03,03,12.997509956359863,80.2559814453125,45214920712,22892,157050
157119,03,03,12.997509956359863,80.2559814453125,45214920712,22902,157119
157189,03,03,12.997509956359863,80.2559814453125,45214920712,22912,157189
157266,03,03,12.997509956359863,80.2559814453125,45214920712,22923,157266
157337,03,03,12.997509956359863,80.2559814453125,45214920712,22933,157337
157406,03,03,12.997509956359863,80.2559814453125,45214920712,22943,157406
157475,03,03,12.997509956359863,80.2559814453125,45214920712,22953,157475
157544,03,03,12.997509956359863,80.2559814453125,45214920712,22963,157544
157616,03,03,12.997509956359863,80.2559814453125,45214920712,22973,157616
157683,03,03,12.997509956359863,80.2559814453125,45214920712,22983,157683
157751,03,03,12.997509956359863,80.2559814453125,45214920712,22993,157751
157819,03,03,12.997509956359863,80.2559814453125,45214920712,23003,157819
157890,03,03,12.997509956359863,80.2559814453125,45214920712,23013,157890
157965,03,03,12.997509956359863,80.2559814453125,45214920712,23024,157965
158034,03,03,12.997509956359863,80.2559814453125,45214920712,23034,158034
158102,03,03,12.997509956359863,80.2559814453125,45214920712,23044,158102
158173,03,03,12.997509956359863,80.2559814453125,45214920712,23054,158173
158243,03,03,12.997509956359863,80.2559814453125,45214920712,23064,158243
158313,03,03,12.997509956359863,80.2559814453125,45214920712,23074,158313
158385,03,03,12.997509956359863,80.2559814453125,45214920712,23084,158385
158449,03,03,12.997509956359863,80.2559814453125,45214920712,23094,158449
158519,03,03,12.997509956359863,80.2559814453125,45214920712,23104,158519
158587,03,03,12.997509956359863,80.2559814453125,45214920712,23114,158587
158660,03,03,12.997509956359863,80.2559814453125,45214920712,23125,158660
158732,03,03,12.997509956359863,80.2559814453125,45214920712,23135,158732
158801,03,03,12.997509956359863,80.2559814453125,45214920712,23145,158801
158868,03,03,12.997509956359863,80.2559814453125,45214920712,23155,158868
158938,03,03,12.997509956359863,80.2559814453125,45214920712,23165,158938
159006,03,03,12.997509956359863,80.2559814453125,45214920712,23175,159006
159074,03,03,12.997509956359863,80.2559814453125,45214920712,23185,159074
159144,03,03,12.997509956359863,80.2559814453125,45214920712,23195,159144
159212,03,03,12.997509956359863,80.2559814453125,45214920712,23205,159212
159280,03,03,12.997509956359863,80.2559814453125,45214920712,23215,159280
159358,03,03,12.997509956359863,80.2559814453125,45214920712,23226,159358
159427,03,03,12.997509956359863,80.2559814453125,45214920712,23236,159427
159494,03,03,12.997509956359863,80.2559814453125,45214920712,23246,159494
159565,03,03,12.997509956359863,80.2559814453125,45214920712,23256,159565
159629,03,03,12.997509956359863,80.2559814453125,45214920712,23266,159629
159702,03,03,12.997509956359863,80.2559814453125,45214920712,23276,159702
159762,03,03,12.997509956359863,80.2559814453125,45214920712,23286,159762
159841,03,03,12.997509956359863,80.2559814453125,45214920712,23296,159841
159913,03,03,12.997509956359863,80.2559814453125,45214920712,23306,159913
159975,03,03,12.997509956359863,80.2559814453125,45214920712,23316,159975
160048,03,03,12.997509956359863,80.2559814453125,45214920712,23326,160048
160125,03,03,12.997509956359863,80.2559814453125,45214920712,23337,160125
160195,03,03,12.997509956359863,80.2559814453125,45214920712,23347,160195
160261,03,03,12.997509956359863,80.2559814453125,45214920712,23357,160261
160331,03,03,12.997509956359863,80.2559814453125,45214920712,23367,160331
160399,03,03,12.997509956359863,80.2559814453125,45214920712,23377,160399
160469,03,03,12.997269630432129,80.25592803955078,45214920712,23387,160469
160534,03,03,12.996979713439941,80.25592041015625,45214920712,23397,160534
160605,03,03,12.996520042419434,80.25589752197266,45214920712,23407,160605
160674,03,03,12.995829582214355,80.25588989257812,45214920712,23417,160674
160743,03,03,12.995089530944824,80.25591278076172,45214920712,23427,160743
160815,03,03,12.994270324707031,80.2559814453125,45214920712,23438,160815
160884,03,03,12.993430137634277,80.25602722167969,45214920712,23448,160884
160955,03,03,12.992420196533203,80.2560806274414,45214920712,23458,160955
161024,03,03,12.991479873657227,80.25605773925781,45214920712,23468,161024
161093,03,03,12.990699768066406,80.25604248046875,45214920712,23478,161093
161158,03,03,12.989859580993652,80.25601959228516,45214920712,23488,161158
161228,03,03,12.98904037475586,80.25598907470703,45214920712,23498,161228
161296,03,03,12.98822021484375,80.25589752197266,45214920712,23508,161296
161368,03,03,12.987799644470215,80.255859375,45214920712,23518,161368
161428,03,03,12.98779010772705,80.25585174560547,45214920712,23528,161428
161502,03,03,12.98779010772705,80.25585174560547,45214920712,23538,161502
161570,03,03,12.98779010772705,80.25585174560547,45214920712,23549,161570
161639,03,03,12.98779010772705,80.25585174560547,45214920712,23559,161639
161710,03,03,12.987339973449707,80.2556381225586,45214920712,23569,161710
161773,03,03,12.986740112304688,80.25554656982422,45214920712,23579,161773
161843,03,03,12.986120223999023,80.25546264648438,45214920712,23589,161843
161908,03,03,12.986100196838379,80.25546264648438,45214920712,23599,161908
161979,03,03,12.985969543457031,80.25544738769531,45214920712,23609,161979
162045,03,03,12.985440254211426,80.2553482055664,45214920712,23619,162045
162117,03,03,12.984539985656738,80.25514221191406,45214920712,23629,162117
162185,03,03,12.98346996307373,80.25483703613281,45214920712,23639,162185
162258,03,03,12.982410430908203,80.25456237792969,45214920712,23650,162258
162326,03,03,12.981940269470215,80.25399780273438,45214920712,23660,162326
162390,03,03,12.981769561767578,80.25331115722656,45214920712,23670,162390
162462,03,03,12.981499671936035,80.2528076171875,45214920712,23680,162462
162527,03,03,12.980759620666504,80.25276947021484,45214920712,23690,162527
162594,03,03,12.980250358581543,80.25276947021484,45214920712,23700,162594
162665,03,03,12.979740142822266,80.25272369384766,45214920712,23710,162665
162735,03,03,12.979000091552734,80.25263977050781,45214920712,23720,162735
162804,03,03,12.978670120239258,80.25257873535156,45214920712,23730,162804
162872,03,03,12.978560447692871,80.25253295898438,45214920712,23740,162872
162941,03,03,12.978090286254883,80.25221252441406,45214920712,23750,162941
163014,03,03,12.977319717407227,80.25157165527344,45214920712,23761,163014
163086,03,03,12.976289749145508,80.25115966796875,45214920712,23771,163086
163157,03,03,12.975110054016113,80.2508316040039,45214920712,23781,163157
163221,03,03,12.973859786987305,80.25048065185547,45214920712,23791,163221
163289,03,03,12.972570419311523,80.25013732910156,45214920712,23801,163289
163352,03,03,12.971229553222656,80.2497787475586,45214920712,23811,163352
163420,03,03,12.96992015838623,80.24933624267578,45214920712,23821,163420
163495,03,03,12.968640327453613,80.24884033203125,45214920712,23831,163495
163559,03,03,12.967419624328613,80.24835968017578,45214920712,23841,163559
163633,03,03,12.966190338134766,80.24778747558594,45214920712,23852,163633
163702,03,03,12.965189933776855,80.24739837646484,45214920712,23862,163702
163772,03,03,12.965060234069824,80.24736022949219,45214920712,23872,163772
163837,03,03,12.964670181274414,80.24723052978516,45214920712,23882,163837
163911,03,03,12.963919639587402,80.24694061279297,45214920712,23892,163911
163970,03,03,12.962980270385742,80.24649810791016,45214920712,23902,163970
164045,03,03,12.9618501663208,80.24593353271484,45214920712,23912,164045
164115,03,03,12.960659980773926,80.24536895751953,45214920712,23922,164115
164183,03,03,12.959569931030273,80.24491119384766,45214920712,23932,164183
164246,03,03,12.959349632263184,80.24479675292969,45214920712,23942,164246
164315,03,03,12.959269523620605,80.24475860595703,45214920712,23952,164315
164389,03,03,12.958919525146484,80.24459838867188,45214920712,23963,164389
164457,03,03,12.958200454711914,80.24429321289062,45214920712,23973,164457
164525,03,03,12.957539558410645,80.24403381347656,45214920712,23983,164525
164595,03,03,12.956700325012207,80.24375915527344,45214920712,23993,164595
164669,03,03,12.956219673156738,80.24356079101562,45214920712,24003,164669
164733,03,03,12.955559730529785,80.24324798583984,45214920712,24013,164733
164799,03,03,12.954629898071289,80.2428207397461,45214920712,24023,164799
164873,03,03,12.953559875488281,80.24237823486328,45214920712,24033,164873
164933,03,03,12.952460289001465,80.241943359375,45214920712,24043,164933
165006,03,03,12.951820373535156,80.2417221069336,45214920712,24053,165006
165080,03,03,12.951600074768066,80.24163818359375,45214920712,24064,165080
165150,03,03,12.951020240783691,80.24144744873047,45214920712,24074,165150
165215,03,03,12.950090408325195,80.24114990234375,45214920712,24084,165215
165288,03,03,12.949040412902832,80.24080657958984,45214920712,24094,165288
165359,03,03,12.948049545288086,80.24040222167969,45214920712,24104,165359
165420,03,03,12.947219848632812,80.24002838134766,45214920712,24114,165420
165488,03,03,12.946479797363281,80.23970794677734,45214920712,24124,165488
165552,03,03,12.945480346679688,80.2392578125,45214920712,24134,165552
165626,03,03,12.944560050964355,80.23841857910156,45214920712,24144,165626
165692,03,03,12.943840026855469,80.2376708984375,45214920712,24154,165692
165763,03,03,12.943400382995605,80.23721313476562,45214920712,24164,165763
165838,03,03,12.943059921264648,80.23686218261719,45214920712,24175,165838
165902,03,03,12.942239761352539,80.23644256591797,45214920712,24185,165902
165977,03,03,12.941160202026367,80.23616790771484,45214920712,24195,165977
166045,03,03,12.940110206604004,80.23589324951172,45214920712,24205,166045
166112,03,03,12.939729690551758,80.23576354980469,45214920712,24215,166112
166182,03,03,12.939220428466797,80.23552703857422,45214920712,24225,166182
166249,03,03,12.938400268554688,80.23509979248047,45214920712,24235,166249
166316,03,03,12.937339782714844,80.23458862304688,45214920712,24245,166316
166385,03,03,12.936229705810547,80.23406219482422,45214920712,24255,166385
166456,03,03,12.935839653015137,80.23388671875,45214920712,24265,166456
166532,03,03,12.935669898986816,80.23381042480469,45214920712,24276,166532
166600,03,03,12.935059547424316,80.23351287841797,45214920712,24286,166600
166708,03,03,12.933890342712402,80.23297882080078,45214920712,24302,166708
166790,03,03,12.933850288391113,80.23296356201172,45214920712,24314,166790
166859,03,03,12.933609962463379,80.23282623291016,45214920712,24324,166859
166927,03,03,12.933079719543457,80.23258972167969,45214920712,24334,166927
166993,03,03,12.932120323181152,80.23223114013672,45214920712,24344,166993
167057,03,03,12.930999755859375,80.23184967041016,45214920712,24354,167057
167130,03,03,12.929730415344238,80.23149871826172,45214920712,24364,167130
167202,03,03,12.928319931030273,80.23123931884766,45214920712,24375,167202
167265,03,03,12.926959991455078,80.2310791015625,45214920712,24385,167265
167338,03,03,12.926179885864258,80.23101806640625,45214920712,24395,167338
167401,03,03,12.92615032196045,80.23101806640625,45214920712,24405,167401
167469,03,03,12.925840377807617,80.2309799194336,45214920712,24414,167469
167545,03,03,12.925140380859375,80.23087310791016,45214920712,24425,167545
167612,03,03,12.924099922180176,80.23075866699219,45214920712,24435,167612
167677,03,03,12.92296028137207,80.23058319091797,45214920712,24445,167677
167749,03,03,12.921649932861328,80.23039245605469,45214920712,24455,167749
167817,03,03,12.92035961151123,80.23023223876953,45214920712,24465,167817
167886,03,03,12.919320106506348,80.23011016845703,45214920712,24475,167886
167959,03,03,12.91808032989502,80.22992706298828,45214920712,24486,167959
168030,03,03,12.916790008544922,80.22975158691406,45214920712,24496,168030
168094,03,03,12.915470123291016,80.22956085205078,45214920712,24506,168094
168161,03,03,12.914170265197754,80.2293930053711,45214920712,24516,168161
168231,03,03,12.913339614868164,80.22931671142578,45214920712,24526,168231
168300,03,03,12.91331958770752,80.22930908203125,45214920712,24536,168300
168368,03,03,12.9131498336792,80.2292709350586,45214920712,24546,168368
168439,03,03,12.912799835205078,80.22918701171875,45214920712,24556,168439
168506,03,03,12.912019729614258,80.22907257080078,45214920712,24566,168506
168572,03,03,12.910980224609375,80.22891235351562,45214920712,24576,168572
168648,03,03,12.90962028503418,80.22869873046875,45214920712,24587,168648
168716,03,03,12.908300399780273,80.22846984863281,45214920712,24597,168716
168783,03,03,12.907110214233398,80.22831726074219,45214920712,24607,168783
168852,03,03,12.906399726867676,80.22825622558594,45214920712,24617,168852
168925,03,03,12.906220436096191,80.22824096679688,45214920712,24627,168925
168986,03,03,12.905879974365234,80.22821807861328,45214920712,24637,168986
169061,03,03,12.905070304870605,80.22815704345703,45214920712,24647,169061
169132,03,03,12.903969764709473,80.22810363769531,45214920712,24657,169132
169201,03,03,12.902700424194336,80.22802734375,45214920712,24667,169201
169269,03,03,12.901579856872559,80.22798919677734,45214920712,24677,169269
169347,03,03,12.901260375976562,80.22798156738281,45214920712,24688,169347
169412,03,03,12.901260375976562,80.22798156738281,45214920712,24698,169412
169487,03,03,12.901000022888184,80.22794342041016,45214920712,24708,169487
169553,03,03,12.900460243225098,80.22789764404297,45214920712,24718,169553
169622,03,03,12.899959564208984,80.2278823852539,45214920712,24728,169622
169687,03,03,12.899709701538086,80.2278823852539,45214920712,24738,169687
169762,03,03,12.899709701538086,80.2278823852539,45214920712,24748,169762
169831,03,03,12.899709701538086,80.2278823852539,45214920712,24758,169831
169903,03,03,12.899589538574219,80.22789001464844,45214920712,24768,169903
169968,03,03,12.899020195007324,80.22785186767578,45214920712,24778,169968
170042,03,03,12.898059844970703,80.227783203125,45214920712,24789,170042
170113,03,03,12.896960258483887,80.22772216796875,45214920712,24799,170113
170187,03,03,12.895709991455078,80.22767639160156,45214920712,24809,170187
170256,03,03,12.89441967010498,80.22762298583984,45214920712,24819,170256
170322,03,03,12.893369674682617,80.2275390625,45214920712,24829,170322
170393,03,03,12.89326000213623,80.22752380371094,45214920712,24839,170393
170463,03,03,12.893059730529785,80.22749328613281,45214920712,24849,170463
170532,03,03,12.892390251159668,80.2274169921875,45214920712,24859,170532
170600,03,03,12.891469955444336,80.22737884521484,45214920712,24869,170600
170670,03,03,12.890279769897461,80.22737121582031,45214920712,24879,170670
170741,03,03,12.888959884643555,80.22737884521484,45214920712,24889,170741
170817,03,03,12.887809753417969,80.22733306884766,45214920712,24900,170817
170930,03,03,12.887350082397461,80.22724914550781,45214920712,24916,170930
171011,03,03,12.886380195617676,80.22705078125,45214920712,24928,171011
171082,03,03,12.885540008544922,80.2268295288086,45214920712,24938,171082
171148,03,03,12.884949684143066,80.22675323486328,45214920712,24948,171148
171222,03,03,12.884949684143066,80.22675323486328,45214920712,24958,171222
171284,03,03,12.884699821472168,80.22673797607422,45214920712,24967,171284
171357,03,03,12.883749961853027,80.22673797607422,45214920712,24978,171357
171430,03,03,12.882650375366211,80.22675323486328,45214920712,24988,171430
171506,03,03,12.881210327148438,80.22675323486328,45214920712,24999,171506
171577,03,03,12.879790306091309,80.22675323486328,45214920712,25009,171577
171646,03,03,12.87831974029541,80.22682189941406,45214920712,25019,171646
171720,03,03,12.876999855041504,80.22693634033203,45214920712,25029,171720
171788,03,03,12.876509666442871,80.22693634033203,45214920712,25039,171788
171860,03,03,12.876409530639648,80.22660064697266,45214920712,25049,171860
171933,03,03,12.876420021057129,80.22651672363281,45214920712,25059,171933
171999,03,03,12.876480102539062,80.22602081298828,45214920712,25069,171999
172070,03,03,12.876580238342285,80.22512817382812,45214920712,25079,172070
172142,03,03,12.876720428466797,80.22400665283203,45214920712,25089,172142
172218,03,03,12.877039909362793,80.22260284423828,45214920712,25100,172218
172287,03,03,12.87736988067627,80.22119903564453,45214920712,25110,172287
172355,03,03,12.877699851989746,80.21980285644531,45214920712,25120,172355
172425,03,03,12.878000259399414,80.2184829711914,45214920712,25130,172425
172498,03,03,12.878279685974121,80.21717834472656,45214920712,25140,172498
172571,03,03,12.8785400390625,80.2158432006836,45214920712,25150,172571
172640,03,03,12.878840446472168,80.21443176269531,45214920712,25160,172640
172707,03,03,12.879110336303711,80.21298217773438,45214920712,25170,172707
172780,03,03,12.87936019897461,80.21163940429688,45214920712,25180,172780
172850,03,03,12.87932014465332,80.21099853515625,45214920712,25190,172850
172919,03,03,12.879050254821777,80.2109375,45214920712,25200,172919
172996,03,03,12.879050254821777,80.2109375,45214920712,25211,172996
173063,03,03,12.878680229187012,80.21087646484375,45214920712,25221,173063
173134,03,03,12.87794017791748,80.21073913574219,45214920712,25231,173134
173209,03,03,12.877070426940918,80.21057891845703,45214920712,25241,173209
173279,03,03,12.876250267028809,80.21041870117188,45214920712,25251,173279
173351,03,03,12.87537956237793,80.21025848388672,45214920712,25261,173351
173420,03,03,12.874659538269043,80.21013641357422,45214920712,25271,173420
173490,03,03,12.874549865722656,80.21012115478516,45214920712,25281,173490
173560,03,03,12.874380111694336,80.2098388671875,45214920712,25291,173560
173621,03,03,12.874710083007812,80.20958709716797,45214920712,25301,173621
173706,03,03,12.874659538269043,80.20983123779297,45214920712,25312,173706
173775,03,03,12.874650001525879,80.20983123779297,45214920712,25322,173775
173845,03,03,12.874650001525879,80.20983123779297,45214920712,25332,173845
173963,03,03,12.874650001525879,80.20983123779297,45214920712,25350,173963
174056,03,03,12.874650001525879,80.20983123779297,45214920712,25362,174056
174126,03,03,12.874650001525879,80.20983123779297,45214920712,25372,174126
174189,03,03,12.874650001525879,80.20983123779297,45214920712,25381,174189
174268,03,03,12.874650001525879,80.20983123779297,45214920712,25392,174268
174337,03,03,12.874650001525879,80.20983123779297,45214920712,25402,174337
174407,03,03,12.874650001525879,80.20983123779297,45214920712,25413,174407
174477,03,03,12.874650001525879,80.20983123779297,45214920712,25423,174477
174552,03,03,12.874650001525879,80.20983123779297,45214920712,25433,174552
174621,03,03,12.874650001525879,80.20983123779297,45214920712,25443,174621
174690,03,03,12.874650001525879,80.20983123779297,45214920712,25453,174690
174760,03,03,12.874650001525879,80.20983123779297,45214920712,25463,174760
174832,03,03,12.874650001525879,80.20983123779297,45214920712,25473,174832
174902,03,03,12.874650001525879,80.20983123779297,45214920712,25483,174902
174973,03,03,12.874650001525879,80.20983123779297,45214920712,25493,174973
175045,03,03,12.874650001525879,80.20983123779297,45214920712,25503,175045
175116,03,03,12.874650001525879,80.20983123779297,45214920712,25513,175116
175186,03,03,12.874650001525879,80.20983123779297,45214920712,25524,175186
175259,03,03,12.874650001525879,80.20983123779297,45214920712,25534,175259
175326,03,03,12.874650001525879,80.20983123779297,45214920712,25544,175326
175396,03,03,12.874650001525879,80.20983123779297,45214920712,25554,175396
175463,03,03,12.874650001525879,80.20983123779297,45214920712,25564,175463
175536,03,03,12.874650001525879,80.20983123779297,45214920712,25574,175536
175607,03,03,12.874650001525879,80.20983123779297,45214920712,25584,175607
175675,03,03,12.874650001525879,80.20983123779297,45214920712,25594,175675
175747,03,03,12.874650001525879,80.20983123779297,45214920712,25604,175747
175816,03,03,12.874650001525879,80.20983123779297,45214920712,25614,175816
175893,03,03,12.874650001525879,80.20983123779297,45214920712,25625,175893
175960,03,03,12.874650001525879,80.20983123779297,45214920712,25635,175960
176031,03,03,12.874650001525879,80.20983123779297,45214920712,25645,176031
176103,03,03,12.874650001525879,80.20983123779297,45214920712,25655,176103
176173,03,03,12.874650001525879,80.20983123779297,45214920712,25665,176173
176243,03,03,12.874650001525879,80.20983123779297,45214920712,25675,176243
176315,03,03,12.874650001525879,80.20983123779297,45214920712,25685,176315
176388,03,03,12.874650001525879,80.20983123779297,45214920712,25695,176388
176455,03,03,12.874650001525879,80.20983123779297,45214920712,25705,176455
176527,03,03,12.874650001525879,80.20983123779297,45214920712,25715,176527
176598,03,03,12.874650001525879,80.20983123779297,45214920712,25726,176598
176672,03,03,12.874650001525879,80.20983123779297,45214920712,25736,176672
176742,03,03,12.874650001525879,80.20983123779297,45214920712,25746,176742
176812,03,03,12.874650001525879,80.20983123779297,45214920712,25756,176812
176882,03,03,12.874650001525879,80.20983123779297,45214920712,25766,176882
176952,03,03,12.874650001525879,80.20983123779297,45214920712,25776,176952
177024,03,03,12.874650001525879,80.20983123779297,45214920712,25786,177024
177093,03,03,12.874650001525879,80.20983123779297,45214920712,25796,177093
177166,03,03,12.874650001525879,80.20983123779297,45214920712,25806,177166
177233,03,03,12.874650001525879,80.20983123779297,45214920712,25816,177233
177311,03,03,12.874650001525879,80.20983123779297,45214920712,25827,177311
177378,03,03,12.874650001525879,80.20983123779297,45214920712,25837,177378
177450,03,03,12.874650001525879,80.20983123779297,45214920712,25847,177450
177518,03,03,12.874650001525879,80.20983123779297,45214920712,25857,177518
177589,03,03,12.874650001525879,80.20983123779297,45214920712,25867,177589
177659,03,03,12.874650001525879,80.20983123779297,45214920712,25877,177659
177729,03,03,12.874650001525879,80.20983123779297,45214920712,25887,177729
177800,03,03,12.874650001525879,80.20983123779297,45214920712,25897,177800
177868,03,03,12.874650001525879,80.20983123779297,45214920712,25907,177868
177941,03,03,12.874650001525879,80.20983123779297,45214920712,25917,177941
178006,03,03,12.874650001525879,80.20983123779297,45214920712,25927,178006
178080,03,03,12.874650001525879,80.20983123779297,45214920712,25938,178080
178150,03,03,12.874650001525879,80.20983123779297,45214920712,25948,178150
178222,03,03,12.874650001525879,80.20983123779297,45214920712,25958,178222
178289,03,03,12.874650001525879,80.20983123779297,45214920712,25968,178289
178358,03,03,12.874650001525879,80.20983123779297,45214920712,25978,178358
178428,03,03,12.874650001525879,80.20983123779297,45214920712,25988,178428
178501,03,03,12.874650001525879,80.20983123779297,45214920712,25998,178501
178569,03,03,12.874650001525879,80.20983123779297,45214920712,26008,178569
178636,03,03,12.874650001525879,80.20983123779297,45214920712,26018,178636
178708,03,03,12.874650001525879,80.20983123779297,45214920712,26028,178708
178779,03,03,12.874650001525879,80.20983123779297,45214920712,26039,178779
178847,03,03,12.874650001525879,80.20983123779297,45214920712,26049,178847
178918,03,03,12.874650001525879,80.20983123779297,45214920712,26059,178918
178990,03,03,12.874650001525879,80.20983123779297,45214920712,26069,178990
179058,03,03,12.874650001525879,80.20983123779297,45214920712,26079,179058
179131,03,03,12.874650001525879,80.20983123779297,45214920712,26089,179131
179197,03,03,12.874650001525879,80.20983123779297,45214920712,26099,179197
179273,03,03,12.874650001525879,80.20983123779297,45214920712,26109,179273
179342,03,03,12.874650001525879,80.20983123779297,45214920712,26119,179342
179413,03,03,12.874650001525879,80.20983123779297,45214920712,26129,179413
179491,03,03,12.874650001525879,80.20983123779297,45214920712,26140,179491
179554,03,03,12.874650001525879,80.20983123779297,45214920712,26150,179554
179628,03,03,12.874650001525879,80.20983123779297,45214920712,26160,179628
179694,03,03,12.874650001525879,80.20983123779297,45214920712,26170,179694
179769,03,03,12.874690055847168,80.20996856689453,45214920712,26180,179769
179837,03,03,12.87477970123291,80.21016693115234,45214920712,26190,179837
179905,03,03,12.874939918518066,80.2101821899414,45214920712,26200,179905
179975,03,03,12.875140190124512,80.21022033691406,45214920712,26210,179975
180050,03,03,12.875399589538574,80.21025848388672,45214920712,26220,180050
180120,03,03,12.875740051269531,80.21034240722656,45214920712,26230,180120
180193,03,03,12.876099586486816,80.21041107177734,45214920712,26241,180193
180264,03,03,12.876609802246094,80.21050262451172,45214920712,26251,180264
180335,03,03,12.877240180969238,80.21061706542969,45214920712,26261,180335
180405,03,03,12.8779296875,80.21076202392578,45214920712,26271,180405
180474,03,03,12.878689765930176,80.21089172363281,45214920712,26281,180474
180545,03,03,12.879210472106934,80.21099090576172,45214920712,26291,180545
180618,03,03,12.879249572753906,80.21099853515625,45214920712,26301,180618
180687,03,03,12.879469871520996,80.21114349365234,45214920712,26311,180687
180758,03,03,12.879420280456543,80.2116928100586,45214920712,26321,180758
180820,03,03,12.879300117492676,80.2123794555664,45214920712,26330,180820
180887,03,03,12.879119873046875,80.21330261230469,45214920712,26340,180887
180973,03,03,12.87887954711914,80.21453094482422,45214920712,26352,180973
181039,03,03,12.878660202026367,80.21558380126953,45214920712,26362,181039
181110,03,03,12.878439903259277,80.21663665771484,45214920712,26372,181110
181178,03,03,12.878219604492188,80.21774291992188,45214920712,26382,181178
181248,03,03,12.87798023223877,80.21890258789062,45214920712,26392,181248
181319,03,03,12.877710342407227,80.22010803222656,45214920712,26402,181319
181394,03,03,12.877420425415039,80.22132873535156,45214920712,26412,181394
181459,03,03,12.877140045166016,80.2225570678711,45214920712,26422,181459
181535,03,03,12.876879692077637,80.22370910644531,45214920712,26432,181535
181600,03,03,12.876720428466797,80.22457885742188,45214920712,26442,181600
181682,03,03,12.87660026550293,80.22575378417969,45214920712,26453,181682
181749,03,03,12.876460075378418,80.22672271728516,45214920712,26463,181749
181821,03,03,12.876489639282227,80.22689819335938,45214920712,26473,181821
181891,03,03,12.876489639282227,80.22689819335938,45214920712,26483,181891
181960,03,03,12.876660346984863,80.22691345214844,45214920712,26493,181960
182029,03,03,12.876779556274414,80.22689819335938,45214920712,26503,182029
182101,03,03,12.877229690551758,80.22686004638672,45214920712,26513,182101
182172,03,03,12.877960205078125,80.22679901123047,45214920712,26523,182172
182241,03,03,12.878820419311523,80.22673034667969,45214920712,26533,182241
182311,03,03,12.879830360412598,80.22669219970703,45214920712,26543,182311
182385,03,03,12.88107967376709,80.22666931152344,45214920712,26554,182385
182457,03,03,12.882410049438477,80.2266616821289,45214920712,26564,182457
182525,03,03,12.883819580078125,80.22663879394531,45214920712,26574,182525
182595,03,03,12.88506031036377,80.22663116455078,45214920712,26584,182595
182666,03,03,12.885259628295898,80.22664642333984,45214920712,26594,182666
182737,03,03,12.885660171508789,80.22673034667969,45214920712,26604,182737
182807,03,03,12.886420249938965,80.22693634033203,45214920712,26614,182807
182875,03,03,12.887439727783203,80.22715759277344,45214920712,26624,182875
182945,03,03,12.888699531555176,80.22730255126953,45214920712,26634,182945
183019,03,03,12.890060424804688,80.22733306884766,45214920712,26644,183019
183098,03,03,12.891630172729492,80.22730255126953,45214920712,26655,183098
183161,03,03,12.893099784851074,80.22738647460938,45214920712,26665,183161
183232,03,03,12.893890380859375,80.22747802734375,45214920712,26675,183232
183303,03,03,12.894009590148926,80.22750091552734,45214920712,26685,183303
183375,03,03,12.894490242004395,80.2275390625,45214920712,26695,183375
183445,03,03,12.895339965820312,80.22759246826172,45214920712,26705,183445
183519,03,03,12.89645004272461,80.2276611328125,45214920712,26715,183519
183586,03,03,12.897749900817871,80.22772216796875,45214920712,26725,183586
183656,03,03,12.89918041229248,80.22781372070312,45214920712,26735,183656
183728,03,03,12.900309562683105,80.22786712646484,45214920712,26745,183728
183798,03,03,12.900580406188965,80.22789001464844,45214920712,26755,183798
183873,03,03,12.900580406188965,80.22789001464844,45214920712,26766,183873
183941,03,03,12.900580406188965,80.22789001464844,45214920712,26776,183941
184012,03,03,12.900580406188965,80.22789001464844,45214920712,26786,184012
184083,03,03,12.900690078735352,80.2278823852539,45214920712,26796,184083
184153,03,03,12.901049613952637,80.22789764404297,45214920712,26806,184153
184222,03,03,12.90153980255127,80.2279281616211,45214920712,26816,184222
184294,03,03,12.902270317077637,80.22796630859375,45214920712,26826,184294
184366,03,03,12.903019905090332,80.22795104980469,45214920712,26836,184366
184437,03,03,12.903380393981934,80.22796630859375,45214920712,26846,184437
184508,03,03,12.90388011932373,80.22801971435547,45214920712,26856,184508
184585,03,03,12.904840469360352,80.22808074951172,45214920712,26867,184585
184656,03,03,12.905779838562012,80.22811889648438,45214920712,26877,184656
184720,03,03,12.906009674072266,80.22811889648438,45214920712,26887,184720
184804,03,03,12.906009674072266,80.22811889648438,45214920712,26897,184804
184873,03,03,12.906100273132324,80.22814178466797,45214920712,26907,184873
184939,03,03,12.906439781188965,80.22815704345703,45214920712,26916,184939
185013,03,03,12.906490325927734,80.2281723022461,45214920712,26927,185013
185080,03,03,12.906490325927734,80.2281723022461,45214920712,26937,185080
185148,03,03,12.906490325927734,80.2281723022461,45214920712,26947,185148
185220,03,03,12.9066801071167,80.22820281982422,45214920712,26957,185220
185297,03,03,12.90725040435791,80.22825622558594,45214920712,26968,185297
185367,03,03,12.908129692077637,80.22837829589844,45214920712,26978,185367
185433,03,03,12.909259796142578,80.22857666015625,45214920712,26988,185433
185502,03,03,12.910579681396484,80.2287826538086,45214920712,26998,185502
185575,03,03,12.911979675292969,80.2289810180664,45214920712,27008,185575
185644,03,03,12.913330078125,80.22915649414062,45214920712,27018,185644
185715,03,03,12.914010047912598,80.229248046875,45214920712,27028,185715
185786,03,03,12.914010047912598,80.229248046875,45214920712,27038,185786
185859,03,03,12.91431999206543,80.22930145263672,45214920712,27048,185859
185928,03,03,12.914990425109863,80.22940063476562,45214920712,27058,185928
186006,03,03,12.916040420532227,80.22955322265625,45214920712,27069,186006
186071,03,03,12.91724967956543,80.2297134399414,45214920712,27079,186071
186147,03,03,12.918569564819336,80.22989654541016,45214920712,27089,186147
186213,03,03,12.919320106506348,80.22998046875,45214920712,27099,186213
186282,03,03,12.91942024230957,80.2300033569336,45214920712,27109,186282
186355,03,03,12.9199800491333,80.23007202148438,45214920712,27119,186355
186424,03,03,12.920869827270508,80.23017883300781,45214920712,27129,186424
186494,03,03,12.921950340270996,80.23033905029297,45214920712,27139,186494
186567,03,03,12.923230171203613,80.23053741455078,45214920712,27149,186567
186636,03,03,12.924610137939453,80.23072814941406,45214920712,27159,186636
186705,03,03,12.925849914550781,80.2308578491211,45214920712,27169,186705
186779,03,03,12.926690101623535,80.23095703125,45214920712,27180,186779
186850,03,03,12.927639961242676,80.23107147216797,45214920712,27190,186850
186925,03,03,12.92883014678955,80.23124694824219,45214920712,27200,186925
186993,03,03,12.9299898147583,80.23152160644531,45214920712,27210,186993
187066,03,03,12.931260108947754,80.23188018798828,45214920712,27220,187066
187141,03,03,12.932600021362305,80.23233032226562,45214920712,27230,187141
187212,03,03,12.93362045288086,80.23271179199219,45214920712,27240,187212
187277,03,03,12.93373966217041,80.23277282714844,45214920712,27250,187277
187353,03,03,12.933870315551758,80.23282623291016,45214920712,27260,187353
187419,03,03,12.934410095214844,80.23310089111328,45214920712,27270,187419
187502,03,03,12.93533992767334,80.23351287841797,45214920712,27281,187502
187574,03,03,12.936070442199707,80.23384857177734,45214920712,27291,187574
187646,03,03,12.93694019317627,80.23426055908203,45214920712,27301,187646
187717,03,03,12.938030242919922,80.23480224609375,45214920712,27311,187717
187784,03,03,12.939169883728027,80.23538208007812,45214920712,27321,187784
187857,03,03,12.939720153808594,80.23562622070312,45214920712,27331,187857
187960,03,03,12.939760208129883,80.23565673828125,45214920712,27347,187960
188053,03,03,12.94025993347168,80.2358627319336,45214920712,27359,188053
188102,03,03,12.940899848937988,80.23603057861328,45214920712,27367,188102
188190,03,03,12.941920280456543,80.23626708984375,45214920712,27378,188190
188273,03,03,12.94320011138916,80.2368392944336,45214920712,27390,188273
188344,03,03,12.943690299987793,80.2372817993164,45214920712,27400,188344
188411,03,03,12.943880081176758,80.23750305175781,45214920712,27410,188411
188485,03,03,12.94437026977539,80.23805236816406,45214920712,27420,188485
188554,03,03,12.945050239562988,80.23877716064453,45214920712,27430,188554
188624,03,03,12.945810317993164,80.23934936523438,45214920712,27439,188624
188698,03,03,12.947019577026367,80.23986053466797,45214920712,27450,188698
188767,03,03,12.947250366210938,80.23995208740234,45214920712,27460,188767
188840,03,03,12.947270393371582,80.23995971679688,45214920712,27470,188840
188907,03,03,12.947739601135254,80.24015808105469,45214920712,27480,188907
188985,03,03,12.948590278625488,80.24050903320312,45214920712,27491,188985
189060,03,03,12.949529647827148,80.24088287353516,45214920712,27501,189060
189127,03,03,12.9506196975708,80.24120330810547,45214920712,27511,189127
189199,03,03,12.950980186462402,80.24130249023438,45214920712,27521,189199
189270,03,03,12.951009750366211,80.2413101196289,45214920712,27531,189270
189343,03,03,12.951399803161621,80.24144744873047,45214920712,27541,189343
189413,03,03,12.952110290527344,80.24170684814453,45214920712,27551,189413
189486,03,03,12.95298957824707,80.2420425415039,45214920712,27561,189486
189557,03,03,12.95386028289795,80.24240112304688,45214920712,27571,189557
189629,03,03,12.954669952392578,80.24272918701172,45214920712,27581,189629
189707,03,03,12.9552001953125,80.24292755126953,45214920712,27592,189707
189773,03,03,12.955940246582031,80.24320220947266,45214920712,27602,189773
189844,03,03,12.956299781799316,80.24331665039062,45214920712,27612,189844
189913,03,03,12.956299781799316,80.24331665039062,45214920712,27622,189913
189984,03,03,12.956299781799316,80.24331665039062,45214920712,27632,189984
190056,03,03,12.95654010772705,80.24336242675781,45214920712,27642,190056
190127,03,03,12.957039833068848,80.24359893798828,45214920712,27652,190127
190199,03,03,12.957819938659668,80.24397277832031,45214920712,27662,190199
190272,03,03,12.958580017089844,80.24427032470703,45214920712,27672,190272
190344,03,03,12.958820343017578,80.24436950683594,45214920712,27682,190344
190418,03,03,12.958900451660156,80.24440002441406,45214920712,27693,190418
190486,03,03,12.959179878234863,80.24456024169922,45214920712,27703,190486
190563,03,03,12.959799766540527,80.24484252929688,45214920712,27713,190563
190635,03,03,12.960639953613281,80.2452392578125,45214920712,27723,190635
190707,03,03,12.961660385131836,80.2457275390625,45214920712,27733,190707
190779,03,03,12.962479591369629,80.24614715576172,45214920712,27743,190779
190848,03,03,12.963069915771484,80.24640655517578,45214920712,27753,190848
190919,03,03,12.96310043334961,80.24642181396484,45214920712,27763,190919
190990,03,03,12.96310043334961,80.24642181396484,45214920712,27773,190990
191061,03,03,12.96310043334961,80.24642181396484,45214920712,27783,191061
191131,03,03,12.963179588317871,80.24640655517578,45214920712,27793,191131
191207,03,03,12.963569641113281,80.24665069580078,45214920712,27804,191207
191323,03,03,12.964699745178223,80.2470932006836,45214920712,27820,191323
191401,03,03,12.9658203125,80.24748229980469,45214920712,27832,191401
191477,03,03,12.966309547424316,80.24767303466797,45214920712,27842,191477
191544,03,03,12.966360092163086,80.2477035522461,45214920712,27852,191544
191620,03,03,12.966360092163086,80.2477035522461,45214920712,27862,191620
191693,03,03,12.966560363769531,80.24781799316406,45214920712,27872,191693
191762,03,03,12.967169761657715,80.24813842773438,45214920712,27882,191762
191834,03,03,12.968009948730469,80.24848175048828,45214920712,27892,191834
191906,03,03,12.969149589538574,80.24893951416016,45214920712,27903,191906
191978,03,03,12.970259666442871,80.24938201904297,45214920712,27913,191978
192055,03,03,12.971269607543945,80.24974060058594,45214920712,27923,192055
192123,03,03,12.972479820251465,80.25003051757812,45214920712,27933,192123
192195,03,03,12.973719596862793,80.2503433227539,45214920712,27943,192195
192269,03,03,12.974379539489746,80.25048828125,45214920712,27953,192269
192338,03,03,12.97449016571045,80.25052642822266,45214920712,27963,192338
192407,03,03,12.97500991821289,80.25068664550781,45214920712,27973,192407
192481,03,03,12.975830078125,80.25093841552734,45214920712,27983,192481
192551,03,03,12.976829528808594,80.25125122070312,45214920712,27993,192551
192623,03,03,12.977879524230957,80.25184631347656,45214920712,28003,192623
192695,03,03,12.979040145874023,80.2525405883789,45214920712,28014,192695
192774,03,03,12.979880332946777,80.25253295898438,45214920712,28024,192774
192836,03,03,12.979949951171875,80.25244903564453,45214920712,28034,192836
192909,03,03,12.979949951171875,80.25243377685547,45214920712,28044,192909
192980,03,03,12.97998046875,80.25222778320312,45214920712,28054,192980
193050,03,03,12.980119705200195,80.251708984375,45214920712,28064,193050
193125,03,03,12.980369567871094,80.25090026855469,45214920712,28074,193125
193197,03,03,12.980629920959473,80.24986267089844,45214920712,28084,193197
193269,03,03,12.980779647827148,80.24861907958984,45214920712,28094,193269
193331,03,03,12.980839729309082,80.24749755859375,45214920712,28103,193331
193416,03,03,12.980990409851074,80.24590301513672,45214920712,28115,193416
193488,03,03,12.98114013671875,80.24456024169922,45214920712,28125,193488
193553,03,03,12.981249809265137,80.24369812011719,45214920712,28134,193553
193631,03,03,12.981369972229004,80.24327850341797,45214920712,28145,193631
193700,03,03,12.981369972229004,80.24282836914062,45214920712,28155,193700
193769,03,03,12.981369972229004,80.24278259277344,45214920712,28165,193769
193847,03,03,12.981399536132812,80.2423324584961,45214920712,28175,193847
193918,03,03,12.981380462646484,80.24156188964844,45214920712,28185,193918
193988,03,03,12.981369972229004,80.2406005859375,45214920712,28195,193988
194065,03,03,12.98136043548584,80.23988342285156,45214920712,28205,194065
194140,03,03,12.981340408325195,80.23950958251953,45214920712,28216,194140
194217,03,03,12.98130989074707,80.23883056640625,45214920712,28226,194217
194289,03,03,12.981289863586426,80.2381362915039,45214920712,28236,194289
194360,03,03,12.981280326843262,80.2379379272461,45214920712,28246,194360
194431,03,03,12.981300354003906,80.23780059814453,45214920712,28256,194431
194511,03,03,12.981260299682617,80.23731994628906,45214920712,28266,194511
194580,03,03,12.981240272521973,80.23651123046875,45214920712,28276,194580
194654,03,03,12.981209754943848,80.23555755615234,45214920712,28286,194654
194731,03,03,12.981189727783203,80.23474884033203,45214920712,28296,194731
194805,03,03,12.981189727783203,80.23458099365234,45214920712,28306,194805
194885,03,03,12.981209754943848,80.23439025878906,45214920712,28317,194885
194958,03,03,12.981280326843262,80.23406982421875,45214920712,28327,194958
195030,03,03,12.98136043548584,80.23390197753906,45214920712,28337,195030
195103,03,03,12.981380462646484,80.23385620117188,45214920712,28347,195103
195178,03,03,12.981380462646484,80.23385620117188,45214920712,28357,195178
195251,03,03,12.981499671936035,80.2336196899414,45214920712,28367,195251
195322,03,03,12.981610298156738,80.2334213256836,45214920712,28377,195322
195396,03,03,12.981619834899902,80.23338317871094,45214920712,28387,195396
195508,03,03,12.981619834899902,80.23338317871094,45214920712,28403,195508
195591,03,03,12.981809616088867,80.23301696777344,45214920712,28415,195591
195655,03,03,12.981989860534668,80.2325210571289,45214920712,28424,195655
195753,03,03,12.982000350952148,80.23188781738281,45214920712,28436,195753
195828,03,03,12.98192024230957,80.23121643066406,45214920712,28447,195828
195899,03,03,12.981679916381836,80.23065185546875,45214920712,28457,195899
195971,03,03,12.981269836425781,80.2299575805664,45214920712,28467,195971
196036,03,03,12.980939865112305,80.22946166992188,45214920712,28476,196036
196115,03,03,12.980640411376953,80.22901153564453,45214920712,28487,196115
196190,03,03,12.980609893798828,80.22895812988281,45214920712,28497,196190
196266,03,03,12.980420112609863,80.22865295410156,45214920712,28507,196266
196340,03,03,12.980290412902832,80.22833251953125,45214920712,28517,196340
196416,03,03,12.980010032653809,80.22783660888672,45214920712,28528,196416
196491,03,03,12.97959041595459,80.22715759277344,45214920712,28538,196491
196563,03,03,12.979129791259766,80.22640991210938,45214920712,28548,196563
196640,03,03,12.978699684143066,80.22570037841797,45214920712,28558,196640
196710,03,03,12.978320121765137,80.22509002685547,45214920712,28568,196710
196785,03,03,12.978039741516113,80.22463989257812,45214920712,28578,196785
196857,03,03,12.977789878845215,80.2243423461914,45214920712,28588,196857
196926,03,03,12.977760314941406,80.22428894042969,45214920712,28598,196926
197002,03,03,12.977580070495605,80.22395324707031,45214920712,28608,197002
197073,03,03,12.977230072021484,80.22335815429688,45214920712,28618,197073
197158,03,03,12.976940155029297,80.22283935546875,45214920712,28629,197158
197229,03,03,12.97716999053955,80.22270202636719,45214920712,28639,197229
197303,03,03,12.97719955444336,80.22270202636719,45214920712,28649,197303
197374,03,03,12.97719955444336,80.22270202636719,45214920712,28659,197374
197449,03,03,12.977519989013672,80.22264099121094,45214920712,28669,197449
197522,03,03,12.977510452270508,80.22213745117188,45214920712,28679,197522
197593,03,03,12.977479934692383,80.22149658203125,45214920712,28689,197593
197670,03,03,12.977459907531738,80.22128295898438,45214920712,28699,197670
197741,03,03,12.97782039642334,80.22120666503906,45214920712,28709,197741
197815,03,03,12.978409767150879,80.22119140625,45214920712,28719,197815
197894,03,03,12.979339599609375,80.22110748291016,45214920712,28730,197894
197969,03,03,12.98019027709961,80.22106170654297,45214920712,28740,197969
198042,03,03,12.981100082397461,80.2210464477539,45214920712,28750,198042
198113,03,03,12.98190975189209,80.22152709960938,45214920712,28760,198113
198186,03,03,12.982660293579102,80.22183990478516,45214920712,28770,198186
198259,03,03,12.983019828796387,80.22196960449219,45214920712,28780,198259
198334,03,03,12.9830904006958,80.22200775146484,45214920712,28790,198334
198408,03,03,12.98346996307373,80.22228240966797,45214920712,28800,198408
198481,03,03,12.983980178833008,80.22260284423828,45214920712,28810,198481
198546,03,03,12.98462963104248,80.2229995727539,45214920712,28820,198546
198627,03,03,12.985329627990723,80.22328186035156,45214920712,28830,198627
198750,03,03,12.986220359802246,80.22296142578125,45214920712,28847,198750
198835,03,03,12.986539840698242,80.22296142578125,45214920712,28859,198835
198906,03,03,12.986599922180176,80.22296142578125,45214920712,28869,198906
198979,03,03,12.987019538879395,80.22303009033203,45214920712,28879,198979
199056,03,03,12.987759590148926,80.22303771972656,45214920712,28889,199056
199129,03,03,12.988510131835938,80.2225112915039,45214920712,28899,199129
199197,03,03,12.989100456237793,80.22178649902344,45214920712,28909,199197
199276,03,03,12.989709854125977,80.22103118896484,45214920712,28919,199276
199342,03,03,12.990260124206543,80.220458984375,45214920712,28929,199342
199427,03,03,12.9904203414917,80.22035217285156,45214920712,28941,199427
199499,03,03,12.990659713745117,80.2201919555664,45214920712,28950,199499
199577,03,03,12.991209983825684,80.21977233886719,45214920712,28961,199577
199651,03,03,12.99155044555664,80.21949768066406,45214920712,28971,199651
199721,03,03,12.99209976196289,80.21907806396484,45214920712,28981,199721
199797,03,03,12.992870330810547,80.21855163574219,45214920712,28991,199797
199868,03,03,12.993760108947754,80.2179183959961,45214920712,29001,199868
199947,03,03,12.994529724121094,80.21736907958984,45214920712,29011,199947
200020,03,03,12.995260238647461,80.21687316894531,45214920712,29021,200020
200088,03,03,12.99608039855957,80.21658325195312,45214920712,29030,200088
200167,03,03,12.997139930725098,80.2164306640625,45214920712,29042,200167
200243,03,03,12.997570037841797,80.21607208251953,45214920712,29052,200243
200319,03,03,12.99761962890625,80.21601867675781,45214920712,29062,200319
200391,03,03,12.997710227966309,80.21592712402344,45214920712,29072,200391
200462,03,03,12.998089790344238,80.21562194824219,45214920712,29082,200462
200535,03,03,12.998689651489258,80.21508026123047,45214920712,29092,200535
200607,03,03,12.999139785766602,80.21469116210938,45214920712,29102,200607
200681,03,03,12.999460220336914,80.21444702148438,45214920712,29112,200681
200753,03,03,12.999939918518066,80.21402740478516,45214920712,29122,200753
200814,03,03,13.000439643859863,80.21357727050781,45214920712,29131,200814
200904,03,03,13.001199722290039,80.21295166015625,45214920712,29143,200904
200973,03,03,13.001799583435059,80.21251678466797,45214920712,29153,200973
201049,03,03,13.002479553222656,80.21215057373047,45214920712,29163,201049
201122,03,03,13.003190040588379,80.21206665039062,45214920712,29173,201122
201193,03,03,13.003669738769531,80.21195983886719,45214920712,29183,201193
201265,03,03,13.003680229187012,80.21192932128906,45214920712,29193,201265
201338,03,03,13.0037202835083,80.21150970458984,45214920712,29203,201338
201411,03,03,13.003669738769531,80.21080017089844,45214920712,29213,201411
201485,03,03,13.003560066223145,80.21000671386719,45214920712,29223,201485
201560,03,03,13.003609657287598,80.20916748046875,45214920712,29233,201560
201628,03,03,13.004090309143066,80.20864868164062,45214920712,29243,201628
201706,03,03,13.004819869995117,80.20897674560547,45214920712,29254,201706
201817,03,03,13.005450248718262,80.20925903320312,45214920712,29270,201817
201920,03,03,13.006279945373535,80.20954895019531,45214920712,29282,201920
201966,03,03,13.006759643554688,80.20970153808594,45214920712,29290,201966
202051,03,03,13.007200241088867,80.20980072021484,45214920712,29301,202051
202136,03,03,13.007410049438477,80.2098388671875,45214920712,29312,202136
202207,03,03,13.007410049438477,80.2098388671875,45214920712,29322,202207
202278,03,03,13.007410049438477,80.2098388671875,45214920712,29332,202278
202342,03,03,13.007410049438477,80.2098388671875,45214920712,29342,202342
202436,03,03,13.007769584655762,80.20995330810547,45214920712,29353,202436
202508,03,03,13.008170127868652,80.21000671386719,45214920712,29363,202508
202580,03,03,13.008119583129883,80.20942687988281,45214920712,29373,202580
202653,03,03,13.007969856262207,80.20855712890625,45214920712,29383,202653
202725,03,03,13.007800102233887,80.2076416015625,45214920712,29393,202725
202789,03,03,13.00763988494873,80.20681762695312,45214920712,29403,202789
202868,03,03,13.007559776306152,80.20597076416016,45214920712,29413,202868
202936,03,03,13.007519721984863,80.205078125,45214920712,29423,202936
203012,03,03,13.007519721984863,80.20423889160156,45214920712,29433,203012
203082,03,03,13.007399559020996,80.20330047607422,45214920712,29443,203082
203149,03,03,13.006939888000488,80.20252990722656,45214920712,29453,203149
203236,03,03,13.006600379943848,80.20313262939453,45214920712,29464,203236
203308,03,03,13.007089614868164,80.20348358154297,45214920712,29474,203308
203379,03,03,13.007880210876465,80.20369720458984,45214920712,29484,203379
203456,03,03,13.008970260620117,80.20366668701172,45214920712,29494,203456
203532,03,03,13.010239601135254,80.20362854003906,45214920712,29504,203532
203598,03,03,13.011580467224121,80.20374298095703,45214920712,29514,203598
203673,03,03,13.012829780578613,80.20394897460938,45214920712,29524,203673
203741,03,03,13.013580322265625,80.20419311523438,45214920712,29534,203741
203808,03,03,13.013689994812012,80.20427703857422,45214920712,29544,203808
203874,03,03,13.013739585876465,80.20446014404297,45214920712,29553,203874
203960,03,03,13.013680458068848,80.20464324951172,45214920712,29564,203960
204039,03,03,13.013640403747559,80.20469665527344,45214920712,29575,204039
204115,03,03,13.013460159301758,80.20513916015625,45214920712,29585,204115
204193,03,03,13.013190269470215,80.20594024658203,45214920712,29595,204193
204261,03,03,13.013030052185059,80.20680236816406,45214920712,29605,204261
204331,03,03,13.012960433959961,80.20770263671875,45214920712,29615,204331
204404,03,03,13.012909889221191,80.20818328857422,45214920712,29625,204404
204472,03,03,13.012900352478027,80.2083969116211,45214920712,29635,204472
204548,03,03,13.012940406799316,80.2087631225586,45214920712,29645,204548
204616,03,03,13.013079643249512,80.20939636230469,45214920712,29655,204616
204706,03,03,13.01317024230957,80.21009826660156,45214920712,29666,204706
204770,03,03,13.013019561767578,80.21095275878906,45214920712,29676,204770
204844,03,03,13.012639999389648,80.21173095703125,45214920712,29686,204844
204920,03,03,13.012229919433594,80.2123794555664,45214920712,29696,204920
204989,03,03,13.01194953918457,80.21279907226562,45214920712,29706,204989
205062,03,03,13.011590003967285,80.21263885498047,45214920712,29716,205062
205146,03,03,13.01123046875,80.21237182617188,45214920712,29726,205146
205208,03,03,13.011210441589355,80.21235656738281,45214920712,29736,205208
205288,03,03,13.011079788208008,80.21228790283203,45214920712,29746,205288
205360,03,03,13.011039733886719,80.2122573852539,45214920712,29756,205360
205438,03,03,13.01082992553711,80.21212005615234,45214920712,29767,205438
205505,03,03,13.010740280151367,80.2120590209961,45214920712,29777,205505
205578,03,03,13.010740280151367,80.2120590209961,45214920712,29787,205578
205658,03,03,13.010740280151367,80.2120590209961,45214920712,29797,205658
205729,03,03,13.010740280151367,80.2120590209961,45214920712,29807,205729
205806,03,03,13.010740280151367,80.2120590209961,45214920712,29817,205806
205879,03,03,13.010740280151367,80.2120590209961,45214920712,29827,205879
205944,03,03,13.0106201171875,80.21192169189453,45214920712,29837,205944
206021,03,03,13.010600090026855,80.21189880371094,45214920712,29847,206021
206090,03,03,13.010600090026855,80.21189880371094,45214920712,29857,206090
206165,03,03,13.010359764099121,80.21176147460938,45214920712,29867,206165
206253,03,03,13.010160446166992,80.21160888671875,45214920712,29878,206253
206328,03,03,13.009969711303711,80.21147155761719,45214920712,29888,206328
206399,03,03,13.009849548339844,80.21138763427734,45214920712,29898,206399
206469,03,03,13.009849548339844,80.21138763427734,45214920712,29908,206469
206537,03,03,13.009849548339844,80.21138763427734,45214920712,29918,206537
206612,03,03,13.009849548339844,80.21138763427734,45214920712,29928,206612
206687,03,03,13.009849548339844,80.21138763427734,45214920712,29938,206687
206759,03,03,13.009849548339844,80.21138763427734,45214920712,29948,206759
206829,03,03,13.009849548339844,80.21138763427734,45214920712,29958,206829
206899,03,03,13.009849548339844,80.21138763427734,45214920712,29968,206899
206975,03,03,13.009779930114746,80.21138763427734,45214920712,29979,206975
207054,03,03,13.009719848632812,80.21134948730469,45214920712,29989,207054
207121,03,03,13.009699821472168,80.21134185791016,45214920712,29999,207121
207193,03,03,13.009699821472168,80.21134185791016,45214920712,30009,207193
207263,03,03,13.009699821472168,80.21134185791016,45214920712,30019,207263
207342,03,03,13.009699821472168,80.21134185791016,45214920712,30029,207342
207410,03,03,13.009699821472168,80.21134185791016,45214920712,30039,207410
207482,03,03,13.009699821472168,80.21134185791016,45214920712,30049,207482
207557,03,03,13.009550094604492,80.21115112304688,45214920712,30059,207557
207623,03,03,13.009550094604492,80.21115112304688,45214920712,30069,207623
207706,03,03,13.009550094604492,80.21115112304688,45214920712,30080,207706
207776,03,03,13.009550094604492,80.21115112304688,45214920712,30090,207776
207843,03,03,13.009550094604492,80.21115112304688,45214920712,30100,207843
207919,03,03,13.009550094604492,80.21115112304688,45214920712,30110,207919
207992,03,03,13.009550094604492,80.21115112304688,45214920712,30120,207992
208064,03,03,13.009550094604492,80.21115112304688,45214920712,30130,208064
208134,03,03,13.009550094604492,80.21115112304688,45214920712,30140,208134
208209,03,03,13.009550094604492,80.21115112304688,45214920712,30150,208209
208280,03,03,13.009550094604492,80.21115112304688,45214920712,30160,208280
208356,03,03,13.009550094604492,80.21115112304688,45214920712,30170,208356
208430,03,03,13.009550094604492,80.21115112304688,45214920712,30181,208430
208508,03,03,13.009550094604492,80.21115112304688,45214920712,30191,208508
208574,03,03,13.009550094604492,80.21115112304688,45214920712,30201,208574
208651,03,03,13.009550094604492,80.21115112304688,45214920712,30211,208651
208723,03,03,13.009550094604492,80.21115112304688,45214920712,30221,208723
208795,03,03,13.009550094604492,80.21115112304688,45214920712,30231,208795
208864,03,03,13.009550094604492,80.21115112304688,45214920712,30241,208864
208933,03,03,13.009550094604492,80.21115112304688,45214920712,30251,208933
209005,03,03,13.009550094604492,80.21115112304688,45214920712,30261,209005
209075,03,03,13.009550094604492,80.21115112304688,45214920712,30271,209075
209149,03,03,13.009550094604492,80.21115112304688,45214920712,30281,209149
209229,03,03,13.009550094604492,80.21115112304688,45214920712,30292,209229
209300,03,03,13.009550094604492,80.21115112304688,45214920712,30302,209300
209369,03,03,13.009550094604492,80.21115112304688,45214920712,30312,209369
209442,03,03,13.009550094604492,80.21115112304688,45214920712,30322,209442
209520,03,03,13.009550094604492,80.21115112304688,45214920712,30332,209520
209590,03,03,13.009550094604492,80.21115112304688,45214920712,30342,209590
209663,03,03,13.009550094604492,80.21115112304688,45214920712,30352,209663
209729,03,03,13.009550094604492,80.21115112304688,45214920712,30362,209729
209807,03,03,13.009550094604492,80.21115112304688,45214920712,30372,209807
209876,03,03,13.009550094604492,80.21115112304688,45214920712,30382,209876
209954,03,03,13.009550094604492,80.21115112304688,45214920712,30393,209954
210031,03,03,13.009550094604492,80.21115112304688,45214920712,30403,210031
210106,03,03,13.009550094604492,80.21115112304688,45214920712,30413,210106
210180,03,03,13.009550094604492,80.21115112304688,45214920712,30423,210180
210248,03,03,13.009550094604492,80.21115112304688,45214920712,30433,210248
210324,03,03,13.009550094604492,80.21115112304688,45214920712,30443,210324
210394,03,03,13.009550094604492,80.21115112304688,45214920712,30453,210394
210468,03,03,13.009550094604492,80.21115112304688,45214920712,30463,210468
210536,03,03,13.009550094604492,80.21115112304688,45214920712,30473,210536
210612,03,03,13.009550094604492,80.21115112304688,45214920712,30483,210612
210698,03,03,13.009550094604492,80.21115112304688,45214920712,30494,210698
210775,03,03,13.009550094604492,80.21115112304688,45214920712,30504,210775
210844,03,03,13.009550094604492,80.21115112304688,45214920712,30514,210844
210917,03,03,13.009550094604492,80.21115112304688,45214920712,30524,210917
210989,03,03,13.009550094604492,80.21115112304688,45214920712,30534,210989
211055,03,03,13.009550094604492,80.21115112304688,45214920712,30544,211055
211129,03,03,13.009550094604492,80.21115112304688,45214920712,30554,211129
211201,03,03,13.009550094604492,80.21115112304688,45214920712,30564,211201
211272,03,03,13.009550094604492,80.21115112304688,45214920712,30574,211272
211337,03,03,13.009550094604492,80.21115112304688,45214920712,30584,211337
211416,03,03,13.009550094604492,80.21115112304688,45214920712,30594,211416
211492,03,03,13.009550094604492,80.21115112304688,45214920712,30605,211492
211564,03,03,13.009550094604492,80.21115112304688,45214920712,30615,211564
211646,03,03,13.009550094604492,80.21115112304688,45214920712,30625,211646
211716,03,03,13.009550094604492,80.21115112304688,45214920712,30635,211716
211785,03,03,13.009550094604492,80.21115112304688,45214920712,30645,211785
211858,03,03,13.009550094604492,80.21115112304688,45214920712,30655,211858
211935,03,03,13.009550094604492,80.21115112304688,45214920712,30665,211935
212006,03,03,13.009550094604492,80.21115112304688,45214920712,30675,212006
212079,03,03,13.009550094604492,80.21115112304688,45214920712,30685,212079
212152,03,03,13.009550094604492,80.21115112304688,45214920712,30695,212152
212227,03,03,13.009550094604492,80.21115112304688,45214920712,30706,212227
212299,03,03,13.009550094604492,80.21115112304688,45214920712,30716,212299
212373,03,03,13.009550094604492,80.21115112304688,45214920712,30726,212373
212448,03,03,13.009550094604492,80.21115112304688,45214920712,30736,212448
212525,03,03,13.009550094604492,80.21115112304688,45214920712,30746,212525
212587,03,03,13.009550094604492,80.21115112304688,45214920712,30756,212587
212663,03,03,13.009550094604492,80.21115112304688,45214920712,30766,212663
212739,03,03,13.009550094604492,80.21115112304688,45214920712,30776,212739
212810,03,03,13.009550094604492,80.21115112304688,45214920712,30786,212810
212879,03,03,13.009550094604492,80.21115112304688,45214920712,30796,212879
212965,03,03,13.009550094604492,80.21115112304688,45214920712,30807,212965
213032,03,03,13.009550094604492,80.21115112304688,45214920712,30817,213032
213110,03,03,13.009550094604492,80.21115112304688,45214920712,30827,213110
213179,03,03,13.009550094604492,80.21115112304688,45214920712,30837,213179
213250,03,03,13.009550094604492,80.21115112304688,45214920712,30847,213250
213327,03,03,13.009550094604492,80.21115112304688,45214920712,30857,213327
213395,03,03,13.009550094604492,80.21115112304688,45214920712,30867,213395
213462,03,03,13.009550094604492,80.21115112304688,45214920712,30877,213462
213536,03,03,13.009550094604492,80.21115112304688,45214920712,30887,213536
213603,03,03,13.009550094604492,80.21115112304688,45214920712,30897,213603
213686,03,03,13.009550094604492,80.21115112304688,45214920712,30908,213686
213758,03,03,13.009269714355469,80.21112060546875,45214920712,30918,213758
213828,03,03,13.009129524230957,80.21134948730469,45214920712,30928,213828
213900,03,03,13.009079933166504,80.21141052246094,45214920712,30938,213900
213972,03,03,13.009079933166504,80.21141052246094,45214920712,30948,213972
214043,03,03,13.00903034210205,80.21156311035156,45214920712,30958,214043
214120,03,03,13.009079933166504,80.21177673339844,45214920712,30968,214120
214190,03,03,13.009149551391602,80.21202087402344,45214920712,30978,214190
214253,03,03,13.00922966003418,80.21227264404297,45214920712,30988,214253
214324,03,03,13.009360313415527,80.2126693725586,45214920712,30998,214324
214393,03,03,13.009550094604492,80.21318054199219,45214920712,31008,214393
214480,03,03,13.00979995727539,80.21382904052734,45214920712,31019,214480
214551,03,03,13.010069847106934,80.21453857421875,45214920712,31029,214551
214615,03,03,13.01021957397461,80.21543884277344,45214920712,31039,214615
214687,03,03,13.01056957244873,80.21636199951172,45214920712,31049,214687
214760,03,03,13.011019706726074,80.21730041503906,45214920712,31059,214760
214828,03,03,13.011420249938965,80.21827697753906,45214920712,31069,214828
214896,03,03,13.011810302734375,80.2193603515625,45214920712,31079,214896
214981,03,03,13.012109756469727,80.2203369140625,45214920712,31089,214981
215038,03,03,13.012319564819336,80.220947265625,45214920712,31098,215038
215110,03,03,13.01237964630127,80.22123718261719,45214920712,31108,215110
215199,03,03,13.012399673461914,80.22142028808594,45214920712,31120,215199
215269,03,03,13.012630462646484,80.22183227539062,45214920712,31130,215269
215342,03,03,13.012969970703125,80.22228240966797,45214920712,31140,215342
215416,03,03,13.01338005065918,80.22270202636719,45214920712,31150,215416
215486,03,03,13.013850212097168,80.22322082519531,45214920712,31160,215486
215554,03,03,13.014180183410645,80.22367095947266,45214920712,31170,215554
215636,03,03,13.014579772949219,80.22422790527344,45214920712,31180,215636
215709,03,03,13.01515007019043,80.22489166259766,45214920712,31190,215709
215779,03,03,13.015359878540039,80.22515869140625,45214920712,31200,215779
215846,03,03,13.015430450439453,80.22543334960938,45214920712,31210,215846
215931,03,03,13.015310287475586,80.22579956054688,45214920712,31221,215931
216000,03,03,13.014800071716309,80.22602081298828,45214920712,31231,216000
216069,03,03,13.014069557189941,80.22628784179688,45214920712,31241,216069
216145,03,03,13.01317024230957,80.22663879394531,45214920712,31251,216145
216221,03,03,13.012149810791016,80.22701263427734,45214920712,31261,216221
216292,03,03,13.011059761047363,80.22746276855469,45214920712,31271,216292
216362,03,03,13.009989738464355,80.22789001464844,45214920712,31281,216362
216430,03,03,13.009539604187012,80.22750091552734,45214920712,31291,216430
216501,03,03,13.009889602661133,80.22675323486328,45214920712,31301,216501
216580,03,03,13.010279655456543,80.22583770751953,45214920712,31311,216580
216647,03,03,13.010669708251953,80.22492980957031,45214920712,31321,216647
216731,03,03,13.011019706726074,80.22408294677734,45214920712,31332,216731
216808,03,03,13.011249542236328,80.22348022460938,45214920712,31342,216808
216881,03,03,13.011110305786133,80.22309112548828,45214920712,31352,216881
216956,03,03,13.010479927062988,80.2227783203125,45214920712,31362,216956
217026,03,03,13.00984001159668,80.22244262695312,45214920712,31372,217026
217099,03,03,13.009090423583984,80.22203826904297,45214920712,31382,217099
217174,03,03,13.008350372314453,80.22161865234375,45214920712,31392,217174
217238,03,03,13.007550239562988,80.22119140625,45214920712,31402,217238
217315,03,03,13.006730079650879,80.22075653076172,45214920712,31412,217315
217389,03,03,13.005720138549805,80.2204818725586,45214920712,31422,217389
217466,03,03,13.004759788513184,80.22029876708984,45214920712,31433,217466
217539,03,03,13.004659652709961,80.22029113769531,45214920712,31443,217539
217612,03,03,13.004380226135254,80.22023010253906,45214920712,31453,217612
217685,03,03,13.00376033782959,80.2200698852539,45214920712,31463,217685
217753,03,03,13.0029296875,80.21981811523438,45214920712,31473,217753
217830,03,03,13.002220153808594,80.21929168701172,45214920712,31483,217830
217896,03,03,13.00160026550293,80.21865844726562,45214920712,31493,217896
217970,03,03,13.000860214233398,80.21813201904297,45214920712,31503,217970
218041,03,03,13.00022029876709,80.21768951416016,45214920712,31513,218041
218111,03,03,12.999360084533691,80.21717834472656,45214920712,31523,218111
218188,03,03,12.99839973449707,80.2166976928711,45214920712,31533,218188
218267,03,03,12.99761962890625,80.216552734375,45214920712,31544,218267
218337,03,03,12.997529983520508,80.21653747558594,45214920712,31554,218337
218408,03,03,12.997529983520508,80.21653747558594,45214920712,31564,218408
218486,03,03,12.997309684753418,80.21653747558594,45214920712,31574,218486
218558,03,03,12.996760368347168,80.21658325195312,45214920712,31584,218558
218632,03,03,12.99608039855957,80.2166976928711,45214920712,31594,218632
218705,03,03,12.995499610900879,80.21685791015625,45214920712,31604,218705
218774,03,03,12.995389938354492,80.21690368652344,45214920712,31614,218774
218848,03,03,12.99524974822998,80.21695709228516,45214920712,31624,218848
218922,03,03,12.995209693908691,80.21698760986328,45214920712,31634,218922
218999,03,03,12.994890213012695,80.21720123291016,45214920712,31645,218999
219071,03,03,12.994449615478516,80.217529296875,45214920712,31655,219071
219143,03,03,12.993900299072266,80.21795654296875,45214920712,31665,219143
219216,03,03,12.993209838867188,80.21842193603516,45214920712,31675,219216
219290,03,03,12.992480278015137,80.21897888183594,45214920712,31685,219290
219361,03,03,12.99174976348877,80.21949005126953,45214920712,31695,219361
219431,03,03,12.991040229797363,80.22000122070312,45214920712,31705,219431
219501,03,03,12.990779876708984,80.22019958496094,45214920712,31715,219501
219578,03,03,12.990779876708984,80.22019958496094,45214920712,31725,219578
219640,03,03,12.990779876708984,80.22019958496094,45214920712,31735,219640
219721,03,03,12.990460395812988,80.22042846679688,45214920712,31746,219721
219796,03,03,12.990019798278809,80.22083282470703,45214920712,31756,219796
219868,03,03,12.989500045776367,80.22142028808594,45214920712,31766,219868
219940,03,03,12.989009857177734,80.22203063964844,45214920712,31776,219940
220013,03,03,12.988349914550781,80.22267150878906,45214920712,31786,220013
220089,03,03,12.987680435180664,80.22308349609375,45214920712,31796,220089
220157,03,03,12.987600326538086,80.22309875488281,45214920712,31806,220157
220230,03,03,12.987540245056152,80.22312927246094,45214920712,31816,220230
220301,03,03,12.98723030090332,80.22309875488281,45214920712,31826,220301
220378,03,03,12.986700057983398,80.22303009033203,45214920712,31836,220378
220449,03,03,12.985930442810059,80.2229995727539,45214920712,31846,220449
220524,03,03,12.985400199890137,80.22332000732422,45214920712,31857,220524
220596,03,03,12.984820365905762,80.22313690185547,45214920712,31867,220596
220669,03,03,12.984199523925781,80.2228012084961,45214920712,31877,220669
220739,03,03,12.98363971710205,80.22248077392578,45214920712,31887,220739
220815,03,03,12.983380317687988,80.2222900390625,45214920712,31897,220815
220887,03,03,12.983229637145996,80.22218322753906,45214920712,31907,220887
220956,03,03,12.983229637145996,80.22218322753906,45214920712,31917,220956
221024,03,03,12.982930183410645,80.2220230102539,45214920712,31927,221024
221101,03,03,12.982649803161621,80.22191619873047,45214920712,31937,221101
221175,03,03,12.98213005065918,80.2216567993164,45214920712,31947,221175
221253,03,03,12.98134994506836,80.22115325927734,45214920712,31958,221253
221323,03,03,12.980589866638184,80.22106170654297,45214920712,31968,221323
221397,03,03,12.979820251464844,80.22112274169922,45214920712,31978,221397
221468,03,03,12.978930473327637,80.2211685180664,45214920712,31988,221468
221544,03,03,12.97799015045166,80.22122192382812,45214920712,31998,221544
221611,03,03,12.977259635925293,80.22126007080078,45214920712,32008,221611
221689,03,03,12.97665023803711,80.22128295898438,45214920712,32018,221689
221758,03,03,12.976630210876465,80.2212905883789,45214920712,32028,221758
221833,03,03,12.976360321044922,80.22128295898438,45214920712,32038,221833
221905,03,03,12.976160049438477,80.22139739990234,45214920712,32048,221905
221980,03,03,12.976369857788086,80.22177124023438,45214920712,32059,221980
222054,03,03,12.976369857788086,80.2218017578125,45214920712,32069,222054
222125,03,03,12.976369857788086,80.2218017578125,45214920712,32079,222125
222200,03,03,12.976369857788086,80.2218017578125,45214920712,32089,222200
222261,03,03,12.976360321044922,80.2219467163086,45214920712,32098,222261
222343,03,03,12.976479530334473,80.22216033935547,45214920712,32109,222343
222416,03,03,12.976759910583496,80.22254943847656,45214920712,32119,222416
222491,03,03,12.977080345153809,80.22308349609375,45214920712,32129,222491
222562,03,03,12.977529525756836,80.2237777709961,45214920712,32139,222562
222632,03,03,12.977950096130371,80.22445678710938,45214920712,32149,222632
222705,03,03,12.97836971282959,80.22512817382812,45214920712,32159,222705
222782,03,03,12.978890419006348,80.22598266601562,45214920712,32170,222782
222854,03,03,12.979339599609375,80.2267074584961,45214920712,32180,222854
222924,03,03,12.979640007019043,80.22712707519531,45214920712,32190,222924
222997,03,03,12.979649543762207,80.22715759277344,45214920712,32200,222997
223066,03,03,12.979840278625488,80.22747802734375,45214920712,32210,223066
223143,03,03,12.980179786682129,80.2280502319336,45214920712,32220,223143
223254,03,03,12.98069953918457,80.22901916503906,45214920712,32236,223254
223335,03,03,12.981040000915527,80.22956848144531,45214920712,32248,223335
223400,03,03,12.981209754943848,80.22984313964844,45214920712,32256,223400
223489,03,03,12.981670379638672,80.2304916381836,45214920712,32269,223489
223565,03,03,12.98169994354248,80.23058319091797,45214920712,32279,223565
223631,03,03,12.981800079345703,80.23075866699219,45214920712,32289,223631
223708,03,03,12.981980323791504,80.23126983642578,45214920712,32299,223708
223777,03,03,12.982060432434082,80.23191833496094,45214920712,32309,223777
223846,03,03,12.982040405273438,80.2323989868164,45214920712,32318,223846
223925,03,03,12.982009887695312,80.23258972167969,45214920712,32329,223925
223993,03,03,12.981989860534668,80.23271179199219,45214920712,32339,223993
224061,03,03,12.981940269470215,80.23287200927734,45214920712,32349,224061
224134,03,03,12.981940269470215,80.23287200927734,45214920712,32359,224134
224210,03,03,12.981860160827637,80.23310089111328,45214920712,32369,224210
224285,03,03,12.981760025024414,80.23332214355469,45214920712,32380,224285
224359,03,03,12.981650352478027,80.23355102539062,45214920712,32390,224359
224428,03,03,12.981639862060547,80.23356628417969,45214920712,32400,224428
224500,03,03,12.98153018951416,80.23380279541016,45214920712,32410,224500
224577,03,03,12.981280326843262,80.23435974121094,45214920712,32420,224577
224648,03,03,12.981249809265137,80.2352294921875,45214920712,32430,224648
224718,03,03,12.981280326843262,80.23625946044922,45214920712,32440,224718
224789,03,03,12.981300354003906,80.23741912841797,45214920712,32450,224789
224866,03,03,12.98132038116455,80.2381362915039,45214920712,32460,224866
224932,03,03,12.981340408325195,80.23867797851562,45214920712,32470,224932
225014,03,03,12.981340408325195,80.23869323730469,45214920712,32481,225014
225084,03,03,12.981340408325195,80.23872375488281,45214920712,32491,225084
225160,03,03,12.981340408325195,80.23876953125,45214920712,32501,225160
225237,03,03,12.981340408325195,80.23896026611328,45214920712,32511,225237
225305,03,03,12.981329917907715,80.23951721191406,45214920712,32521,225305
225379,03,03,12.98134994506836,80.24019622802734,45214920712,32531,225379
225451,03,03,12.98134994506836,80.24099731445312,45214920712,32541,225451
225521,03,03,12.981369972229004,80.2413101196289,45214920712,32551,225521
225598,03,03,12.981369972229004,80.24138641357422,45214920712,32561,225598
225671,03,03,12.981369972229004,80.24138641357422,45214920712,32571,225671
225742,03,03,12.981399536132812,80.24153900146484,45214920712,32582,225742
225816,03,03,12.981399536132812,80.24160766601562,45214920712,32592,225816
225888,03,03,12.981389999389648,80.24166107177734,45214920712,32602,225888
225958,03,03,12.981389999389648,80.2418212890625,45214920712,32612,225958
226034,03,03,12.981389999389648,80.24208068847656,45214920712,32622,226034
226104,03,03,12.981389999389648,80.24237823486328,45214920712,32632,226104
226176,03,03,12.981389999389648,80.24244689941406,45214920712,32642,226176
226248,03,03,12.981389999389648,80.24244689941406,45214920712,32652,226248
226319,03,03,12.981389999389648,80.24244689941406,45214920712,32662,226319
226393,03,03,12.981410026550293,80.24259948730469,45214920712,32672,226393
226464,03,03,12.981419563293457,80.24282836914062,45214920712,32682,226464
226544,03,03,12.981419563293457,80.24307250976562,45214920712,32693,226544
226615,03,03,12.981410026550293,80.24327087402344,45214920712,32703,226615
226691,03,03,12.981369972229004,80.24384307861328,45214920712,32713,226691
226764,03,03,12.981249809265137,80.24469757080078,45214920712,32723,226764
226836,03,03,12.981120109558105,80.24568939208984,45214920712,32733,226836
226910,03,03,12.980990409851074,80.24683380126953,45214920712,32743,226910
226979,03,03,12.980879783630371,80.24807739257812,45214920712,32753,226979
227052,03,03,12.980759620666504,80.24935150146484,45214920712,32763,227052
227127,03,03,12.980509757995605,80.25061798095703,45214920712,32773,227127
227197,03,03,12.980219841003418,80.25173950195312,45214920712,32783,227197
227280,03,03,12.980130195617676,80.25215148925781,45214920712,32794,227280
227355,03,03,12.980039596557617,80.25235748291016,45214920712,32804,227355
227426,03,03,12.979960441589355,80.2525863647461,45214920712,32814,227426
227497,03,03,12.979960441589355,80.2525863647461,45214920712,32824,227497
227571,03,03,12.979960441589355,80.2525863647461,45214920712,32834,227571
227644,03,03,12.979960441589355,80.2525863647461,45214920712,32844,227644
227718,03,03,12.979900360107422,80.25273132324219,45214920712,32854,227718
227792,03,03,12.979610443115234,80.25276947021484,45214920712,32864,227792
227865,03,03,12.979120254516602,80.25267791748047,45214920712,32874,227865
227941,03,03,12.978630065917969,80.25260162353516,45214920712,32884,227941
228019,03,03,12.978619575500488,80.2525863647461,45214920712,32895,228019
228090,03,03,12.978389739990234,80.25244903564453,45214920712,32905,228090
228166,03,03,12.977890014648438,80.25202941894531,45214920712,32915,228166
228239,03,03,12.977140426635742,80.25145721435547,45214920712,32925,228239
228310,03,03,12.976079940795898,80.25110626220703,45214920712,32935,228310
228385,03,03,12.97488021850586,80.25076293945312,45214920712,32945,228385
228458,03,03,12.973609924316406,80.25041961669922,45214920712,32955,228458
228530,03,03,12.972760200500488,80.2502212524414,45214920712,32965,228530
228609,03,03,12.972700119018555,80.25021362304688,45214920712,32975,228609
228680,03,03,12.972419738769531,80.25013732910156,45214920712,32985,228680
228753,03,03,12.971779823303223,80.24993896484375,45214920712,32995,228753
228832,03,03,12.970800399780273,80.24967193603516,45214920712,33006,228832
228905,03,03,12.969759941101074,80.249267578125,45214920712,33016,228905
228978,03,03,12.968600273132324,80.24880981445312,45214920712,33026,228978
229052,03,03,12.967390060424805,80.24835205078125,45214920712,33036,229052
229124,03,03,12.966489791870117,80.24790954589844,45214920712,33046,229124
229197,03,03,12.965519905090332,80.24749755859375,45214920712,33056,229197
229269,03,03,12.96498966217041,80.24736022949219,45214920712,33066,229269
229376,03,03,12.96498966217041,80.24736022949219,45214920712,33082,229376
229476,03,03,12.964940071105957,80.24736785888672,45214920712,33094,229476
229530,03,03,12.964699745178223,80.24726867675781,45214920712,33102,229530
229629,03,03,12.963919639587402,80.2469482421875,45214920712,33115,229629
229703,03,03,12.963560104370117,80.24678039550781,45214920712,33125,229703
229763,03,03,12.963560104370117,80.24678039550781,45214920712,33134,229763
229844,03,03,12.963560104370117,80.24678039550781,45214920712,33145,229844
229917,03,03,12.963560104370117,80.24678039550781,45214920712,33155,229917
229985,03,03,12.963319778442383,80.2466812133789,45214920712,33165,229985
230057,03,03,12.962699890136719,80.24638366699219,45214920712,33175,230057
230130,03,03,12.962519645690918,80.24626159667969,45214920712,33185,230130
230199,03,03,12.96205997467041,80.24601745605469,45214920712,33195,230199
230285,03,03,12.961250305175781,80.2456283569336,45214920712,33206,230285
230353,03,03,12.960350036621094,80.24520874023438,45214920712,33216,230353
230419,03,03,12.959480285644531,80.244873046875,45214920712,33225,230419
230494,03,03,12.959349632263184,80.24481201171875,45214920712,33236,230494
230569,03,03,12.959349632263184,80.24481201171875,45214920712,33246,230569
230640,03,03,12.9591703414917,80.24472045898438,45214920712,33256,230640
230716,03,03,12.958789825439453,80.24453735351562,45214920712,33266,230716
230784,03,03,12.958120346069336,80.2442398071289,45214920712,33276,230784
230857,03,03,12.957420349121094,80.24398803710938,45214920712,33286,230857
230926,03,03,12.956669807434082,80.2437515258789,45214920712,33296,230926
231003,03,03,12.956480026245117,80.24369049072266,45214920712,33306,231003
231080,03,03,12.956480026245117,80.24369049072266,45214920712,33317,231080
231152,03,03,12.956480026245117,80.24369049072266,45214920712,33327,231152
231225,03,03,12.956480026245117,80.24369049072266,45214920712,33337,231225
231293,03,03,12.956069946289062,80.2435302734375,45214920712,33347,231293
231367,03,03,12.955499649047852,80.24321746826172,45214920712,33357,231367
231441,03,03,12.954739570617676,80.24285125732422,45214920712,33367,231441
231515,03,03,12.953889846801758,80.24249267578125,45214920712,33377,231515
231589,03,03,12.953229904174805,80.24224090576172,45214920712,33387,231589
231663,03,03,12.952249526977539,80.24185180664062,45214920712,33397,231663
231733,03,03,12.951800346374512,80.2417221069336,45214920712,33407,231733
231818,03,03,12.951769828796387,80.24169921875,45214920712,33418,231818
231889,03,03,12.951390266418457,80.24154663085938,45214920712,33428,231889
231957,03,03,12.950739860534668,80.24134063720703,45214920712,33438,231957
232030,03,03,12.949959754943848,80.24109649658203,45214920712,33448,232030
232109,03,03,12.949319839477539,80.24091339111328,45214920712,33458,232109
232165,03,03,12.949270248413086,80.24089050292969,45214920712,33466,232165
232255,03,03,12.949270248413086,80.24089050292969,45214920712,33478,232255
232324,03,03,12.949270248413086,80.24089050292969,45214920712,33488,232324
232403,03,03,12.949270248413086,80.24089050292969,45214920712,33498,232403
232472,03,03,12.949270248413086,80.24089050292969,45214920712,33508,232472
232543,03,03,12.949270248413086,80.24089050292969,45214920712,33518,232543
232622,03,03,12.949270248413086,80.24089050292969,45214920712,33529,232622
232697,03,03,12.949270248413086,80.24089050292969,45214920712,33539,232697
232771,03,03,12.949270248413086,80.24089050292969,45214920712,33549,232771
232845,03,03,12.949270248413086,80.24089050292969,45214920712,33559,232845
232918,03,03,12.949270248413086,80.24089050292969,45214920712,33569,232918
232986,03,03,12.949270248413086,80.24089050292969,45214920712,33579,232986
233060,03,03,12.949270248413086,80.24089050292969,45214920712,33589,233060
233132,03,03,12.949270248413086,80.24089050292969,45214920712,33599,233132
233205,03,03,12.949119567871094,80.24082946777344,45214920712,33609,233205
233281,03,03,12.948710441589355,80.24063873291016,45214920712,33619,233281
233357,03,03,12.947919845581055,80.2403335571289,45214920712,33630,233357
233429,03,03,12.947279930114746,80.24006652832031,45214920712,33640,233429
233504,03,03,12.947159767150879,80.24002838134766,45214920712,33650,233504
233584,03,03,12.947110176086426,80.24002075195312,45214920712,33660,233584
233652,03,03,12.94672966003418,80.23986053466797,45214920712,33670,233652
233727,03,03,12.946089744567871,80.23959350585938,45214920712,33680,233727
233796,03,03,12.945320129394531,80.23919677734375,45214920712,33690,233796
233872,03,03,12.944589614868164,80.2385025024414,45214920712,33700,233872
233946,03,03,12.943949699401855,80.23771667480469,45214920712,33710,233946
234021,03,03,12.943499565124512,80.23728942871094,45214920712,33720,234021
234098,03,03,12.943440437316895,80.23726654052734,45214920712,33731,234098
234171,03,03,12.943129539489746,80.23696899414062,45214920712,33741,234171
234247,03,03,12.942480087280273,80.236572265625,45214920712,33751,234247
234322,03,03,12.941550254821777,80.23626708984375,45214920712,33761,234322
234396,03,03,12.940529823303223,80.23600006103516,45214920712,33771,234396
234464,03,03,12.939849853515625,80.2358169555664,45214920712,33781,234464
234540,03,03,12.939840316772461,80.2358169555664,45214920712,33791,234540
234611,03,03,12.939840316772461,80.2358169555664,45214920712,33801,234611
234682,03,03,12.939800262451172,80.23576354980469,45214920712,33811,234682
234760,03,03,12.93966007232666,80.23573303222656,45214920712,33821,234760
234830,03,03,12.939200401306152,80.23552703857422,45214920712,33831,234830
234911,03,03,12.938380241394043,80.235107421875,45214920712,33842,234911
234987,03,03,12.937509536743164,80.23468017578125,45214920712,33852,234987
235059,03,03,12.93649959564209,80.23416137695312,45214920712,33862,235059
235127,03,03,12.93589973449707,80.23387145996094,45214920712,33872,235127
235203,03,03,12.93533992767334,80.2336196899414,45214920712,33882,235203
235272,03,03,12.934539794921875,80.2332763671875,45214920712,33892,235272
235351,03,03,12.933879852294922,80.2330093383789,45214920712,33902,235351
235420,03,03,12.933859825134277,80.23300170898438,45214920712,33912,235420
235495,03,03,12.933859825134277,80.23300170898438,45214920712,33922,235495
235566,03,03,12.933589935302734,80.23285675048828,45214920712,33932,235566
235646,03,03,12.93295955657959,80.23258972167969,45214920712,33943,235646
235717,03,03,12.932120323181152,80.2322769165039,45214920712,33953,235717
235788,03,03,12.931070327758789,80.23191833496094,45214920712,33963,235788
235868,03,03,12.929920196533203,80.2315902709961,45214920712,33973,235868
235941,03,03,12.929220199584961,80.23143005371094,45214920712,33983,235941
236014,03,03,12.929140090942383,80.2314224243164,45214920712,33993,236014
236092,03,03,12.928720474243164,80.23133087158203,45214920712,34003,236092
236163,03,03,12.927980422973633,80.23121643066406,45214920712,34013,236163
236230,03,03,12.927009582519531,80.23111724853516,45214920712,34023,236230
236308,03,03,12.926230430603027,80.23103332519531,45214920712,34033,236308
236387,03,03,12.926030158996582,80.23101806640625,45214920712,34044,236387
236459,03,03,12.926030158996582,80.23101806640625,45214920712,34054,236459
236535,03,03,12.925660133361816,80.2309799194336,45214920712,34064,236535
236605,03,03,12.925020217895508,80.23090362548828,45214920712,34074,236605
236680,03,03,12.924180030822754,80.23079681396484,45214920712,34084,236680
236763,03,03,12.923239707946777,80.23066711425781,45214920712,34094,236763
236834,03,03,12.922189712524414,80.23049926757812,45214920712,34104,236834
236912,03,03,12.921130180358887,80.23033905029297,45214920712,34114,236912
236980,03,03,12.920000076293945,80.23021697998047,45214920712,34124,236980
237051,03,03,12.919260025024414,80.23014068603516,45214920712,34134,237051
237123,03,03,12.919249534606934,80.23013305664062,45214920712,34144,237123
237203,03,03,12.918880462646484,80.23005676269531,45214920712,34155,237203
237276,03,03,12.91819953918457,80.22998046875,45214920712,34165,237276
237349,03,03,12.917280197143555,80.22984313964844,45214920712,34175,237349
237419,03,03,12.916130065917969,80.22968292236328,45214920712,34185,237419
237492,03,03,12.914899826049805,80.22950744628906,45214920712,34195,237492
237570,03,03,12.913840293884277,80.2293701171875,45214920712,34205,237570
237643,03,03,12.913359642028809,80.22931671142578,45214920712,34215,237643
237717,03,03,12.913359642028809,80.22931671142578,45214920712,34225,237717
237788,03,03,12.913000106811523,80.229248046875,45214920712,34235,237788
237861,03,03,12.9122896194458,80.2291488647461,45214920712,34245,237861
237927,03,03,12.911319732666016,80.22899627685547,45214920712,34255,237927
238008,03,03,12.910039901733398,80.22879028320312,45214920712,34266,238008
238081,03,03,12.908740043640137,80.22857666015625,45214920712,34276,238081
238153,03,03,12.907659530639648,80.22843933105469,45214920712,34286,238153
238227,03,03,12.907360076904297,80.22840881347656,45214920712,34296,238227
238299,03,03,12.907299995422363,80.22840118408203,45214920712,34306,238299
238372,03,03,12.90684986114502,80.22834777832031,45214920712,34316,238372
238446,03,03,12.90625,80.22827911376953,45214920712,34326,238446
238523,03,03,12.90546989440918,80.22824096679688,45214920712,34336,238523
238596,03,03,12.904439926147461,80.22817993164062,45214920712,34346,238596
238707,03,03,12.9033203125,80.2281494140625,45214920712,34362,238707
238797,03,03,12.902810096740723,80.2281265258789,45214920712,34375,238797
238869,03,03,12.902589797973633,80.22811889648438,45214920712,34385,238869
238942,03,03,12.902179718017578,80.22808837890625,45214920712,34395,238942
239022,03,03,12.901840209960938,80.22808074951172,45214920712,34405,239022
239090,03,03,12.901510238647461,80.22808074951172,45214920712,34415,239090
239168,03,03,12.90116024017334,80.22805786132812,45214920712,34425,239168
239242,03,03,12.901020050048828,80.22801971435547,45214920712,34435,239242
239313,03,03,12.90077018737793,80.22798156738281,45214920712,34445,239313
239386,03,03,12.900270462036133,80.22795867919922,45214920712,34455,239386
239454,03,03,12.899640083312988,80.2279281616211,45214920712,34465,239454
239533,03,03,12.899069786071777,80.22792053222656,45214920712,34475,239533
239611,03,03,12.898590087890625,80.22792053222656,45214920712,34486,239611
239684,03,03,12.898590087890625,80.22792053222656,45214920712,34496,239684
239756,03,03,12.898590087890625,80.22792053222656,45214920712,34506,239756
239833,03,03,12.898280143737793,80.22782897949219,45214920712,34516,239833
239906,03,03,12.89760971069336,80.22779083251953,45214920712,34526,239906
239978,03,03,12.896679878234863,80.22773742675781,45214920712,34536,239978
240051,03,03,12.895560264587402,80.22769927978516,45214920712,34546,240051
240120,03,03,12.894669532775879,80.22766876220703,45214920712,34556,240120
240199,03,03,12.894140243530273,80.2276382446289,45214920712,34566,240199
240278,03,03,12.893810272216797,80.22762298583984,45214920712,34577,240278
240351,03,03,12.893810272216797,80.22762298583984,45214920712,34587,240351
240423,03,03,12.893420219421387,80.2275619506836,45214920712,34597,240423
240497,03,03,12.893289566040039,80.2275390625,45214920712,34607,240497
240568,03,03,12.892970085144043,80.22750091552734,45214920712,34617,240568
240642,03,03,12.892900466918945,80.22747802734375,45214920712,34627,240642
240714,03,03,12.892900466918945,80.22747802734375,45214920712,34637,240714
240787,03,03,12.892900466918945,80.22747802734375,45214920712,34647,240787
240852,03,03,12.892900466918945,80.22747802734375,45214920712,34657,240852
240925,03,03,12.892900466918945,80.22747802734375,45214920712,34667,240925
241012,03,03,12.892900466918945,80.22747802734375,45214920712,34678,241012
241086,03,03,12.892900466918945,80.22747802734375,45214920712,34688,241086
241153,03,03,12.892900466918945,80.22747802734375,45214920712,34698,241153
241222,03,03,12.892820358276367,80.22746276855469,45214920712,34708,241222
241301,03,03,12.892470359802246,80.2274169921875,45214920712,34718,241301
241369,03,03,12.89188003540039,80.22737884521484,45214920712,34728,241369
241445,03,03,12.890990257263184,80.22737884521484,45214920712,34738,241445
241516,03,03,12.88988971710205,80.22737884521484,45214920712,34748,241516
241581,03,03,12.888830184936523,80.22737884521484,45214920712,34758,241581
241663,03,03,12.888310432434082,80.22737884521484,45214920712,34768,241663
241736,03,03,12.888239860534668,80.22736358642578,45214920712,34779,241736
241814,03,03,12.887940406799316,80.22734069824219,45214920712,34789,241814
241884,03,03,12.887299537658691,80.22722625732422,45214920712,34799,241884
241956,03,03,12.886460304260254,80.22705841064453,45214920712,34809,241956
242028,03,03,12.885700225830078,80.22688293457031,45214920712,34819,242028
242103,03,03,12.884940147399902,80.22673797607422,45214920712,34829,242103
242172,03,03,12.884819984436035,80.22675323486328,45214920712,34839,242172
242245,03,03,12.88440990447998,80.22673797607422,45214920712,34849,242245
242322,03,03,12.883600234985352,80.22675323486328,45214920712,34859,242322
242394,03,03,12.882579803466797,80.22676086425781,45214920712,34869,242394
242461,03,03,12.881340026855469,80.22676086425781,45214920712,34879,242461
242545,03,03,12.880029678344727,80.2267837524414,45214920712,34890,242545
242611,03,03,12.878870010375977,80.22679901123047,45214920712,34900,242611
242681,03,03,12.877659797668457,80.22688293457031,45214920712,34910,242681
242755,03,03,12.876819610595703,80.22696685791016,45214920712,34920,242755
242830,03,03,12.876520156860352,80.2269287109375,45214920712,34930,242830
242896,03,03,12.876509666442871,80.2269287109375,45214920712,34940,242896
242970,03,03,12.876420021057129,80.22679901123047,45214920712,34950,242970
243044,03,03,12.876440048217773,80.22643280029297,45214920712,34960,243044
243117,03,03,12.876469612121582,80.22624969482422,45214920712,34970,243117
243191,03,03,12.876540184020996,80.22560119628906,45214920712,34980,243191
243269,03,03,12.876649856567383,80.22454071044922,45214920712,34991,243269
243339,03,03,12.876879692077637,80.22332000732422,45214920712,35001,243339
243410,03,03,12.877180099487305,80.2220230102539,45214920712,35011,243410
243484,03,03,12.877510070800781,80.22059631347656,45214920712,35021,243484
243556,03,03,12.877849578857422,80.21914672851562,45214920712,35031,243556
243628,03,03,12.878179550170898,80.21762084960938,45214920712,35041,243628
243698,03,03,12.878439903259277,80.21630096435547,45214920712,35051,243698
243771,03,03,12.8787202835083,80.21501159667969,45214920712,35061,243771
243850,03,03,12.878999710083008,80.21359252929688,45214920712,35071,243850
243926,03,03,12.87926959991455,80.21214294433594,45214920712,35081,243926
243995,03,03,12.879429817199707,80.21125030517578,45214920712,35091,243995
244072,03,03,12.879440307617188,80.21124267578125,45214920712,35102,244072
244145,03,03,12.87930965423584,80.2109375,45214920712,35112,244145
244216,03,03,12.878939628601074,80.21089172363281,45214920712,35122,244216
244289,03,03,12.878860473632812,80.21087646484375,45214920712,35132,244289
244363,03,03,12.87833023071289,80.21077728271484,45214920712,35142,244363
244432,03,03,12.877470016479492,80.21061706542969,45214920712,35152,244432
244509,03,03,12.87656021118164,80.21044921875,45214920712,35162,244509
244580,03,03,12.875720024108887,80.21031188964844,45214920712,35172,244580
244653,03,03,12.874870300292969,80.21015167236328,45214920712,35182,244653
244721,03,03,12.874670028686523,80.21012115478516,45214920712,35192,244721
244802,03,03,12.874670028686523,80.21012115478516,45214920712,35203,244802
244879,03,03,12.874380111694336,80.21002197265625,45214920712,35213,244879
244952,03,03,12.874380111694336,80.20967864990234,45214920712,35223,244952
245021,03,03,12.874730110168457,80.20957946777344,45214920712,35233,245021
245094,03,03,12.874739646911621,80.20973205566406,45214920712,35243,245094
245165,03,03,12.874739646911621,80.20973205566406,45214920712,35253,245165
245240,03,03,12.874699592590332,80.209716796875,45214920712,35263,245240
245310,03,03,12.874699592590332,80.209716796875,45214920712,35273,245310
245384,03,03,12.874699592590332,80.209716796875,45214920712,35283,245384
245460,03,03,12.874699592590332,80.209716796875,45214920712,35293,245460
245533,03,03,12.874699592590332,80.209716796875,45214920712,35304,245533
245606,03,03,12.874699592590332,80.209716796875,45214920712,35314,245606
245681,03,03,12.874699592590332,80.209716796875,45214920712,35324,245681
245751,03,03,12.874699592590332,80.209716796875,45214920712,35334,245751
245825,03,03,12.874699592590332,80.209716796875,45214920712,35344,245825
245898,03,03,12.874699592590332,80.209716796875,45214920712,35354,245898
245967,03,03,12.874699592590332,80.209716796875,45214920712,35364,245967
246041,03,03,12.874699592590332,80.209716796875,45214920712,35374,246041
246110,03,03,12.874699592590332,80.209716796875,45214920712,35384,246110
246184,03,03,12.874699592590332,80.209716796875,45214920712,35394,246184
246260,03,03,12.874699592590332,80.209716796875,45214920712,35405,246260
246332,03,03,12.874699592590332,80.209716796875,45214920712,35415,246332
246409,03,03,12.874699592590332,80.209716796875,45214920712,35425,246409
246482,03,03,12.874699592590332,80.209716796875,45214920712,35435,246482
246556,03,03,12.874699592590332,80.209716796875,45214920712,35445,246556
246629,03,03,12.874699592590332,80.209716796875,45214920712,35455,246629
246700,03,03,12.874699592590332,80.209716796875,45214920712,35465,246700
246771,03,03,12.874699592590332,80.209716796875,45214920712,35475,246771
246846,03,03,12.874699592590332,80.209716796875,45214920712,35485,246846
246920,03,03,12.874699592590332,80.209716796875,45214920712,35495,246920
246993,03,03,12.874699592590332,80.209716796875,45214920712,35505,246993
247067,03,03,12.874699592590332,80.209716796875,45214920712,35516,247067
247141,03,03,12.874699592590332,80.209716796875,45214920712,35526,247141
247214,03,03,12.874699592590332,80.209716796875,45214920712,35536,247214
247285,03,03,12.874699592590332,80.209716796875,45214920712,35546,247285
247358,03,03,12.874699592590332,80.209716796875,45214920712,35556,247358
247433,03,03,12.874699592590332,80.209716796875,45214920712,35566,247433
247505,03,03,12.874699592590332,80.209716796875,45214920712,35576,247505
247574,03,03,12.874699592590332,80.209716796875,45214920712,35586,247574
247651,03,03,12.874699592590332,80.209716796875,45214920712,35596,247651
247724,03,03,12.874699592590332,80.209716796875,45214920712,35606,247724
247801,03,03,12.874699592590332,80.209716796875,45214920712,35617,247801
247876,03,03,12.874699592590332,80.209716796875,45214920712,35627,247876
247944,03,03,12.874699592590332,80.209716796875,45214920712,35637,247944
248015,03,03,12.874699592590332,80.209716796875,45214920712,35647,248015
248091,03,03,12.874699592590332,80.209716796875,45214920712,35657,248091
248162,03,03,12.874699592590332,80.209716796875,45214920712,35667,248162
248237,03,03,12.874699592590332,80.209716796875,45214920712,35677,248237
248303,03,03,12.874699592590332,80.209716796875,45214920712,35687,248303
248377,03,03,12.874699592590332,80.209716796875,45214920712,35697,248377
248447,03,03,12.874699592590332,80.209716796875,45214920712,35707,248447
248524,03,03,12.874699592590332,80.209716796875,45214920712,35717,248524
248603,03,03,12.874699592590332,80.209716796875,45214920712,35728,248603
248676,03,03,12.874699592590332,80.209716796875,45214920712,35738,248676
248749,03,03,12.874699592590332,80.209716796875,45214920712,35748,248749
248822,03,03,12.874699592590332,80.209716796875,45214920712,35758,248822
248897,03,03,12.874699592590332,80.209716796875,45214920712,35768,248897
248971,03,03,12.874699592590332,80.209716796875,45214920712,35778,248971
249044,03,03,12.874699592590332,80.209716796875,45214920712,35788,249044
249117,03,03,12.874699592590332,80.209716796875,45214920712,35798,249117
249187,03,03,12.874699592590332,80.209716796875,45214920712,35808,249187
249265,03,03,12.874699592590332,80.209716796875,45214920712,35818,249265
249347,03,03,12.874699592590332,80.209716796875,45214920712,35829,249347
249414,03,03,12.874699592590332,80.209716796875,45214920712,35839,249414
249488,03,03,12.874699592590332,80.209716796875,45214920712,35849,249488
249567,03,03,12.874699592590332,80.209716796875,45214920712,35859,249567
249638,03,03,12.874699592590332,80.209716796875,45214920712,35869,249638
249709,03,03,12.874699592590332,80.209716796875,45214920712,35879,249709
249784,03,03,12.874699592590332,80.209716796875,45214920712,35889,249784
249861,03,03,12.874699592590332,80.209716796875,45214920712,35899,249861
249933,03,03,12.874699592590332,80.209716796875,45214920712,35909,249933
250009,03,03,12.874699592590332,80.209716796875,45214920712,35919,250009
250073,03,03,12.874699592590332,80.209716796875,45214920712,35929,250073
250163,03,03,12.874699592590332,80.209716796875,45214920712,35940,250163
250234,03,03,12.874699592590332,80.209716796875,45214920712,35950,250234
250307,03,03,12.874699592590332,80.209716796875,45214920712,35960,250307
250381,03,03,12.874699592590332,80.209716796875,45214920712,35970,250381
250456,03,03,12.874699592590332,80.209716796875,45214920712,35980,250456
250528,03,03,12.874699592590332,80.209716796875,45214920712,35990,250528
250602,03,03,12.874699592590332,80.209716796875,45214920712,36000,250602
250673,03,03,12.874699592590332,80.209716796875,45214920712,36010,250673
250746,03,03,12.874699592590332,80.209716796875,45214920712,36020,250746
250824,03,03,12.874699592590332,80.209716796875,45214920712,36030,250824
250905,03,03,12.874699592590332,80.209716796875,45214920712,36041,250905
250974,03,03,12.874699592590332,80.209716796875,45214920712,36051,250974
251046,03,03,12.874699592590332,80.209716796875,45214920712,36061,251046
251120,03,03,12.874699592590332,80.209716796875,45214920712,36071,251120
251196,03,03,12.874699592590332,80.209716796875,45214920712,36081,251196
251271,03,03,12.874699592590332,80.209716796875,45214920712,36091,251271
251345,03,03,12.874699592590332,80.209716796875,45214920712,36101,251345
251414,03,03,12.874699592590332,80.209716796875,45214920712,36111,251414
251491,03,03,12.874699592590332,80.209716796875,45214920712,36121,251491
251567,03,03,12.874699592590332,80.209716796875,45214920712,36131,251567
251651,03,03,12.874699592590332,80.209716796875,45214920712,36142,251651
251720,03,03,12.874699592590332,80.209716796875,45214920712,36152,251720
251793,03,03,12.874699592590332,80.209716796875,45214920712,36162,251793
251866,03,03,12.874699592590332,80.209716796875,45214920712,36172,251866
251937,03,03,12.874699592590332,80.209716796875,45214920712,36182,251937
252012,03,03,12.874699592590332,80.209716796875,45214920712,36192,252012
252087,03,03,12.874699592590332,80.209716796875,45214920712,36202,252087
252157,03,03,12.874699592590332,80.209716796875,45214920712,36212,252157
252228,03,03,12.874699592590332,80.209716796875,45214920712,36222,252228
252307,03,03,12.874699592590332,80.209716796875,45214920712,36232,252307
252382,03,03,12.874699592590332,80.209716796875,45214920712,36242,252382
252456,03,03,12.874699592590332,80.209716796875,45214920712,36253,252456
252532,03,03,12.874699592590332,80.209716796875,45214920712,36263,252532
252603,03,03,12.874699592590332,80.209716796875,45214920712,36273,252603
252675,03,03,12.874699592590332,80.209716796875,45214920712,36283,252675
252753,03,03,12.874699592590332,80.209716796875,45214920712,36293,252753
252822,03,03,12.874699592590332,80.209716796875,45214920712,36303,252822
252896,03,03,12.874699592590332,80.209716796875,45214920712,36313,252896
252963,03,03,12.874699592590332,80.209716796875,45214920712,36323,252963
253046,03,03,12.874699592590332,80.209716796875,45214920712,36333,253046
253119,03,03,12.874699592590332,80.209716796875,45214920712,36343,253119
253195,03,03,12.874699592590332,80.209716796875,45214920712,36354,253195
253268,03,03,12.874699592590332,80.209716796875,45214920712,36364,253268
253342,03,03,12.874699592590332,80.209716796875,45214920712,36374,253342
253415,03,03,12.874699592590332,80.209716796875,45214920712,36384,253415
253487,03,03,12.874699592590332,80.209716796875,45214920712,36394,253487
253558,03,03,12.874699592590332,80.209716796875,45214920712,36404,253558
253630,03,03,12.874699592590332,80.209716796875,45214920712,36414,253630
253702,03,03,12.874699592590332,80.209716796875,45214920712,36424,253702
253774,03,03,12.874699592590332,80.209716796875,45214920712,36434,253774
253850,03,03,12.874699592590332,80.209716796875,45214920712,36444,253850
253921,03,03,12.874699592590332,80.209716796875,45214920712,36454,253921
254004,03,03,12.874699592590332,80.209716796875,45214920712,36465,254004
254080,03,03,12.874699592590332,80.209716796875,45214920712,36475,254080
254151,03,03,12.874699592590332,80.209716796875,45214920712,36485,254151
254224,03,03,12.874699592590332,80.209716796875,45214920712,36495,254224
254297,03,03,12.874699592590332,80.209716796875,45214920712,36505,254297
254370,03,03,12.874699592590332,80.209716796875,45214920712,36515,254370
254437,03,03,12.874699592590332,80.209716796875,45214920712,36525,254437
254516,03,03,12.874699592590332,80.209716796875,45214920712,36535,254516
254584,03,03,12.874699592590332,80.209716796875,45214920712,36545,254584
254662,03,03,12.874699592590332,80.209716796875,45214920712,36555,254662
254737,03,03,12.874699592590332,80.209716796875,45214920712,36566,254737
254813,03,03,12.874699592590332,80.209716796875,45214920712,36576,254813
254887,03,03,12.874699592590332,80.209716796875,45214920712,36586,254887
254962,03,03,12.874699592590332,80.209716796875,45214920712,36596,254962
255038,03,03,12.874699592590332,80.209716796875,45214920712,36606,255038
255109,03,03,12.874699592590332,80.209716796875,45214920712,36616,255109
255183,03,03,12.874699592590332,80.209716796875,45214920712,36626,255183
255260,03,03,12.874699592590332,80.209716796875,45214920712,36636,255260
255329,03,03,12.874699592590332,80.209716796875,45214920712,36646,255329
255407,03,03,12.874699592590332,80.209716796875,45214920712,36656,255407
255483,03,03,12.874699592590332,80.209716796875,45214920712,36667,255483
255558,03,03,12.874699592590332,80.209716796875,45214920712,36677,255558
255632,03,03,12.874699592590332,80.209716796875,45214920712,36687,255632
255705,03,03,12.874699592590332,80.209716796875,45214920712,36697,255705
255780,03,03,12.874699592590332,80.209716796875,45214920712,36707,255780
255855,03,03,12.874699592590332,80.209716796875,45214920712,36717,255855
255925,03,03,12.874699592590332,80.209716796875,45214920712,36727,255925
256000,03,03,12.874739646911621,80.20986938476562,45214920712,36737,256000
256070,03,03,12.874699592590332,80.21002197265625,45214920712,36747,256070
256145,03,03,12.874699592590332,80.21002197265625,45214920712,36757,256145
256217,03,03,12.8748197555542,80.21016693115234,45214920712,36767,256217
256297,03,03,12.874939918518066,80.2101821899414,45214920712,36778,256297
256369,03,03,12.875140190124512,80.21021270751953,45214920712,36788,256369
256440,03,03,12.875650405883789,80.21029663085938,45214920712,36798,256440
256512,03,03,12.876319885253906,80.21041870117188,45214920712,36808,256512
256587,03,03,12.877079963684082,80.2105712890625,45214920712,36818,256587
256659,03,03,12.877900123596191,80.21073150634766,45214920712,36828,256659
256733,03,03,12.878740310668945,80.21087646484375,45214920712,36838,256733
256801,03,03,12.879220008850098,80.2109603881836,45214920712,36848,256801
256875,03,03,12.879240036010742,80.21096801757812,45214920712,36858,256875
256951,03,03,12.879280090332031,80.21098327636719,45214920712,36868,256951
257025,03,03,12.879500389099121,80.21125030517578,45214920712,36879,257025
257101,03,03,12.879389762878418,80.21183013916016,45214920712,36889,257101
257173,03,03,12.879240036010742,80.21260833740234,45214920712,36899,257173
257247,03,03,12.879070281982422,80.2135009765625,45214920712,36909,257247
257319,03,03,12.878890037536621,80.21443939208984,45214920712,36919,257319
257393,03,03,12.87870979309082,80.21533966064453,45214920712,36929,257393
257465,03,03,12.878510475158691,80.2161865234375,45214920712,36939,257465
257539,03,03,12.878339767456055,80.217041015625,45214920712,36949,257539
257610,03,03,12.87816047668457,80.21794891357422,45214920712,36959,257610
257685,03,03,12.877960205078125,80.2188720703125,45214920712,36969,257685
257758,03,03,12.877730369567871,80.21985626220703,45214920712,36979,257758
257834,03,03,12.87753963470459,80.22078704833984,45214920712,36990,257834
257908,03,03,12.87738037109375,80.22148895263672,45214920712,37000,257908
257983,03,03,12.877209663391113,80.2221908569336,45214920712,37010,257983
258057,03,03,12.877050399780273,80.2228775024414,45214920712,37020,258057
258131,03,03,12.876879692077637,80.22357940673828,45214920712,37030,258131
258206,03,03,12.876740455627441,80.22435760498047,45214920712,37040,258206
258280,03,03,12.876640319824219,80.2251205444336,45214920712,37050,258280
258354,03,03,12.87654972076416,80.22596740722656,45214920712,37060,258354
258460,03,03,12.876449584960938,80.22673797607422,45214920712,37076,258460
258550,03,03,12.876460075378418,80.2267837524414,45214920712,37088,258550
258640,03,03,12.876460075378418,80.2267837524414,45214920712,37099,258640
258695,03,03,12.876460075378418,80.2267837524414,45214920712,37109,258695
258771,03,03,12.876460075378418,80.2267837524414,45214920712,37119,258771
258850,03,03,12.876460075378418,80.2267837524414,45214920712,37129,258850
258923,03,03,12.876640319824219,80.22689819335938,45214920712,37139,258923
258992,03,03,12.876959800720215,80.22688293457031,45214920712,37149,258992
259062,03,03,12.877799987792969,80.226806640625,45214920712,37159,259062
259137,03,03,12.878820419311523,80.22673034667969,45214920712,37169,259137
259212,03,03,12.879980087280273,80.22667694091797,45214920712,37179,259212
259297,03,03,12.881319999694824,80.2266616821289,45214920712,37190,259297
259377,03,03,12.882719993591309,80.22663879394531,45214920712,37201,259377
259446,03,03,12.883999824523926,80.22662353515625,45214920712,37211,259446
259523,03,03,12.885029792785645,80.22657775878906,45214920712,37221,259523
259591,03,03,12.885180473327637,80.22660064697266,45214920712,37231,259591
259664,03,03,12.885180473327637,80.22660064697266,45214920712,37241,259664
259734,03,03,12.885370254516602,80.22663116455078,45214920712,37251,259734
259805,03,03,12.885910034179688,80.22673797607422,45214920712,37261,259805
259879,03,03,12.886549949645996,80.22691345214844,45214920712,37271,259879
259948,03,03,12.886619567871094,80.22693634033203,45214920712,37281,259948
260016,03,03,12.88677978515625,80.22696685791016,45214920712,37291,260016
260105,03,03,12.887370109558105,80.22709655761719,45214920712,37302,260105
260176,03,03,12.88815975189209,80.22718048095703,45214920712,37312,260176
260249,03,03,12.888480186462402,80.22720336914062,45214920712,37322,260249
260323,03,03,12.8887300491333,80.22721099853516,45214920712,37332,260323
260398,03,03,12.889180183410645,80.22721862792969,45214920712,37342,260398
260469,03,03,12.889960289001465,80.22724151611328,45214920712,37352,260469
260534,03,03,12.890939712524414,80.22724151611328,45214920712,37362,260534
260615,03,03,12.891759872436523,80.22722625732422,45214920712,37372,260615
260688,03,03,12.89188003540039,80.22721862792969,45214920712,37382,260688
260759,03,03,12.892219543457031,80.22722625732422,45214920712,37392,260759
260828,03,03,12.892769813537598,80.22727966308594,45214920712,37402,260828
260908,03,03,12.89369010925293,80.22738647460938,45214920712,37413,260908
260982,03,03,12.894180297851562,80.2274398803711,45214920712,37423,260982
261055,03,03,12.894229888916016,80.2274398803711,45214920712,37433,261055
261125,03,03,12.89441967010498,80.22746276855469,45214920712,37443,261125
261203,03,03,12.894439697265625,80.22746276855469,45214920712,37453,261203
261276,03,03,12.894669532775879,80.22750854492188,45214920712,37463,261276
261347,03,03,12.89490032196045,80.22753143310547,45214920712,37473,261347
261420,03,03,12.895500183105469,80.22754669189453,45214920712,37483,261420
261492,03,03,12.896380424499512,80.22759246826172,45214920712,37493,261492
261565,03,03,12.897430419921875,80.22763061523438,45214920712,37503,261565
261635,03,03,12.898619651794434,80.22769927978516,45214920712,37514,261635
261704,03,03,12.899519920349121,80.22775268554688,45214920712,37524,261704
261777,03,03,12.899689674377441,80.2277603149414,45214920712,37534,261777
261847,03,03,12.899689674377441,80.2277603149414,45214920712,37544,261847
261917,03,03,12.899689674377441,80.2277603149414,45214920712,37554,261917
262033,03,03,12.899689674377441,80.2277603149414,45214920712,37570,262033
262111,03,03,12.899689674377441,80.2277603149414,45214920712,37582,262111
262181,03,03,12.899689674377441,80.2277603149414,45214920712,37591,262181
262258,03,03,12.899689674377441,80.2277603149414,45214920712,37602,262258
262328,03,03,12.899689674377441,80.2277603149414,45214920712,37612,262328
262406,03,03,12.899689674377441,80.2277603149414,45214920712,37623,262406
262462,03,03,12.899689674377441,80.2277603149414,45214920712,37631,262462
262554,03,03,12.899689674377441,80.2277603149414,45214920712,37643,262554
262623,03,03,12.89993953704834,80.2277603149414,45214920712,37653,262623
262709,03,03,12.900050163269043,80.2277603149414,45214920712,37664,262709
262772,03,03,12.90011978149414,80.22775268554688,45214920712,37673,262772
262855,03,03,12.90011978149414,80.22775268554688,45214920712,37684,262855
262932,03,03,12.90011978149414,80.22775268554688,45214920712,37694,262932
263005,03,03,12.900500297546387,80.22775268554688,45214920712,37704,263005
263078,03,03,12.900839805603027,80.22779083251953,45214920712,37714,263078
263149,03,03,12.901300430297852,80.22783660888672,45214920712,37725,263149
263226,03,03,12.901689529418945,80.22785949707031,45214920712,37735,263226
263293,03,03,12.902230262756348,80.2278823852539,45214920712,37745,263293
263366,03,03,12.902460098266602,80.22789001464844,45214920712,37755,263366
263437,03,03,12.902460098266602,80.22789001464844,45214920712,37765,263437
263508,03,03,12.902609825134277,80.22789001464844,45214920712,37775,263508
263582,03,03,12.90272045135498,80.22789764404297,45214920712,37785,263582
263653,03,03,12.902799606323242,80.22789764404297,45214920712,37795,263653
263720,03,03,12.903240203857422,80.22786712646484,45214920712,37805,263720
263801,03,03,12.903960227966309,80.22795867919922,45214920712,37815,263801
263879,03,03,12.904999732971191,80.22801971435547,45214920712,37826,263879
263946,03,03,12.905759811401367,80.22805786132812,45214920712,37836,263946
264015,03,03,12.905810356140137,80.22805786132812,45214920712,37846,264015
264090,03,03,12.905810356140137,80.22805786132812,45214920712,37856,264090
264166,03,03,12.905810356140137,80.22805786132812,45214920712,37866,264166
264233,03,03,12.905810356140137,80.22805786132812,45214920712,37876,264233
264303,03,03,12.905810356140137,80.22805786132812,45214920712,37886,264303
264376,03,03,12.906009674072266,80.22805786132812,45214920712,37896,264376
264448,03,03,12.906379699707031,80.22810363769531,45214920712,37906,264448
264522,03,03,12.906740188598633,80.2281265258789,45214920712,37916,264522
264586,03,03,12.906940460205078,80.2281494140625,45214920712,37926,264586
264675,03,03,12.90701961517334,80.22815704345703,45214920712,37937,264675
264735,03,03,12.90719985961914,80.22817993164062,45214920712,37947,264735
264813,03,03,12.907779693603516,80.22825622558594,45214920712,37957,264813
264883,03,03,12.908659934997559,80.2284164428711,45214920712,37967,264883
264955,03,03,12.909660339355469,80.22859954833984,45214920712,37977,264955
265025,03,03,12.910810470581055,80.2287826538086,45214920712,37987,265025
265097,03,03,12.912070274353027,80.22895050048828,45214920712,37997,265097
265165,03,03,12.913260459899902,80.22911834716797,45214920712,38007,265165
265235,03,03,12.913820266723633,80.22917938232422,45214920712,38017,265235
265304,03,03,12.913880348205566,80.22917938232422,45214920712,38027,265304
265387,03,03,12.913880348205566,80.22917938232422,45214920712,38038,265387
265462,03,03,12.914219856262207,80.22921752929688,45214920712,38048,265462
265528,03,03,12.914819717407227,80.22927856445312,45214920712,38058,265528
265611,03,03,12.915679931640625,80.22943115234375,45214920712,38068,265611
265670,03,03,12.916740417480469,80.22959899902344,45214920712,38078,265670
265741,03,03,12.917920112609863,80.2297592163086,45214920712,38088,265741
265820,03,03,12.918939590454102,80.22989654541016,45214920712,38098,265820
265892,03,03,12.919360160827637,80.2299575805664,45214920712,38108,265892
265963,03,03,12.919389724731445,80.22998046875,45214920712,38118,265963
266033,03,03,12.919819831848145,80.23001098632812,45214920712,38128,266033
266105,03,03,12.9205904006958,80.23011016845703,45214920712,38138,266105
266186,03,03,12.921649932861328,80.2302474975586,45214920712,38149,266186
266259,03,03,12.922800064086914,80.23043823242188,45214920712,38159,266259
266328,03,03,12.923999786376953,80.23062133789062,45214920712,38169,266328
266436,03,03,12.925840377807617,80.23082733154297,45214920712,38185,266436
266516,03,03,12.926309585571289,80.23088073730469,45214920712,38197,266516
266579,03,03,12.926309585571289,80.23088073730469,45214920712,38205,266579
266660,03,03,12.926730155944824,80.23092651367188,45214920712,38217,266660
266735,03,03,12.927550315856934,80.23103332519531,45214920712,38227,266735
266799,03,03,12.92846965789795,80.2311782836914,45214920712,38237,266799
266876,03,03,12.92943000793457,80.23136901855469,45214920712,38247,266876
266952,03,03,12.930480003356934,80.23162078857422,45214920712,38258,266952
267022,03,03,12.931539535522461,80.23194885253906,45214920712,38268,267022
267098,03,03,12.932669639587402,80.2322998046875,45214920712,38278,267098
267165,03,03,12.933480262756348,80.23259735107422,45214920712,38288,267165
267242,03,03,12.933560371398926,80.2326431274414,45214920712,38299,267242
267322,03,03,12.933609962463379,80.23267364501953,45214920712,38309,267322
267377,03,03,12.9339599609375,80.23284149169922,45214920712,38318,267377
267453,03,03,12.934670448303223,80.23316192626953,45214920712,38328,267453
267529,03,03,12.935359954833984,80.23343658447266,45214920712,38339,267529
267609,03,03,12.935460090637207,80.23348999023438,45214920712,38349,267609
267680,03,03,12.935640335083008,80.23356628417969,45214920712,38360,267680
267755,03,03,12.936140060424805,80.23381042480469,45214920712,38370,267755
267822,03,03,12.936880111694336,80.23416137695312,45214920712,38380,267822
267897,03,03,12.937740325927734,80.23458099365234,45214920712,38390,267897
267966,03,03,12.938759803771973,80.23507690429688,45214920712,38400,267966
268045,03,03,12.939599990844727,80.23548126220703,45214920712,38410,268045
268108,03,03,12.939689636230469,80.23554229736328,45214920712,38420,268108
268186,03,03,12.939720153808594,80.23554992675781,45214920712,38430,268186
268250,03,03,12.940070152282715,80.23570251464844,45214920712,38440,268250
268332,03,03,12.940790176391602,80.23593139648438,45214920712,38450,268332
268406,03,03,12.94180965423584,80.2361831665039,45214920712,38461,268406
268475,03,03,12.942859649658203,80.23654174804688,45214920712,38471,268475
268549,03,03,12.94357967376709,80.23710632324219,45214920712,38481,268549
268622,03,03,12.943619728088379,80.2371826171875,45214920712,38491,268622
268690,03,03,12.943770408630371,80.23735046386719,45214920712,38501,268690
268766,03,03,12.944219589233398,80.23786163330078,45214920712,38511,268766
268839,03,03,12.944860458374023,80.23857116699219,45214920712,38521,268839
268903,03,03,12.94573974609375,80.23928833007812,45214920712,38531,268903
268970,03,03,12.946820259094238,80.23973846435547,45214920712,38541,268970
269050,03,03,12.947360038757324,80.23995208740234,45214920712,38551,269050
269126,03,03,12.947420120239258,80.2399673461914,45214920712,38562,269126
269200,03,03,12.947799682617188,80.24012756347656,45214920712,38572,269200
269270,03,03,12.9481201171875,80.24024200439453,45214920712,38582,269270
269341,03,03,12.948160171508789,80.2402572631836,45214920712,38592,269341
269411,03,03,12.94845962524414,80.2403793334961,45214920712,38602,269411
269482,03,03,12.948909759521484,80.24056243896484,45214920712,38612,269482
269555,03,03,12.949379920959473,80.24076080322266,45214920712,38622,269555
269631,03,03,12.949859619140625,80.24092102050781,45214920712,38632,269631
269694,03,03,12.9506196975708,80.24114227294922,45214920712,38642,269694
269774,03,03,12.951020240783691,80.24125671386719,45214920712,38652,269774
269840,03,03,12.95110034942627,80.2413330078125,45214920712,38662,269840
269922,03,03,12.951569557189941,80.24149322509766,45214920712,38673,269922
269993,03,03,12.9520902633667,80.24166870117188,45214920712,38683,269993
270059,03,03,12.952320098876953,80.24178314208984,45214920712,38693,270059
270128,03,03,12.952719688415527,80.24191284179688,45214920712,38703,270128
270201,03,03,12.953439712524414,80.2421875,45214920712,38713,270201
270279,03,03,12.954350471496582,80.24256896972656,45214920712,38723,270279
270345,03,03,12.955140113830566,80.24288177490234,45214920712,38733,270345
270417,03,03,12.95580005645752,80.24304962158203,45214920712,38743,270417
270491,03,03,12.956130027770996,80.24315643310547,45214920712,38753,270491
270562,03,03,12.956310272216797,80.24323272705078,45214920712,38763,270562
270640,03,03,12.956489562988281,80.24330139160156,45214920712,38774,270640
270709,03,03,12.956990242004395,80.24352264404297,45214920712,38784,270709
270781,03,03,12.95773983001709,80.243896484375,45214920712,38794,270781
270847,03,03,12.958490371704102,80.24420928955078,45214920712,38804,270847
270920,03,03,12.958780288696289,80.24433898925781,45214920712,38814,270920
270994,03,03,12.958889961242676,80.24440002441406,45214920712,38824,270994
271067,03,03,12.9591703414917,80.24456024169922,45214920712,38834,271067
271139,03,03,12.959799766540527,80.24484252929688,45214920712,38844,271139
271208,03,03,12.960659980773926,80.2452163696289,45214920712,38854,271208
271283,03,03,12.961700439453125,80.24574279785156,45214920712,38864,271283
271347,03,03,12.962789535522461,80.24627685546875,45214920712,38874,271347
271428,03,03,12.963319778442383,80.24653625488281,45214920712,38885,271428
271498,03,03,12.963319778442383,80.24653625488281,45214920712,38895,271498
271571,03,03,12.963319778442383,80.24653625488281,45214920712,38905,271571
271639,03,03,12.963319778442383,80.24653625488281,45214920712,38915,271639
271710,03,03,12.963319778442383,80.24653625488281,45214920712,38925,271710
271778,03,03,12.963319778442383,80.24653625488281,45214920712,38935,271778
271856,03,03,12.963319778442383,80.24653625488281,45214920712,38945,271856
271927,03,03,12.963479995727539,80.24665832519531,45214920712,38955,271927
271998,03,03,12.964019775390625,80.24687194824219,45214920712,38965,271998
272067,03,03,12.96481990814209,80.24716186523438,45214920712,38975,272067
272143,03,03,12.965920448303223,80.24752044677734,45214920712,38986,272143
272215,03,03,12.96677017211914,80.24784851074219,45214920712,38996,272215
272288,03,03,12.966910362243652,80.24790954589844,45214920712,39006,272288
272360,03,03,12.96697998046875,80.24800109863281,45214920712,39016,272360
272431,03,03,12.967439651489258,80.24822998046875,45214920712,39026,272431
272503,03,03,12.968270301818848,80.24855041503906,45214920712,39036,272503
272573,03,03,12.969240188598633,80.24896240234375,45214920712,39046,272573
272648,03,03,12.970410346984863,80.2494125366211,45214920712,39056,272648
272719,03,03,12.971659660339355,80.24980163574219,45214920712,39066,272719
272788,03,03,12.972940444946289,80.25012969970703,45214920712,39076,272788
272861,03,03,12.974040031433105,80.25039672851562,45214920712,39086,272861
272934,03,03,12.974360466003418,80.25047302246094,45214920712,39097,272934
273011,03,03,12.974610328674316,80.25054931640625,45214920712,39107,273011
273079,03,03,12.975290298461914,80.25076293945312,45214920712,39117,273079
273149,03,03,12.976229667663574,80.25102996826172,45214920712,39127,273149
273221,03,03,12.977330207824707,80.25141143798828,45214920712,39137,273221
273293,03,03,12.978289604187012,80.25216674804688,45214920712,39147,273293
273362,03,03,12.979280471801758,80.25251770019531,45214920712,39157,273362
273438,03,03,12.979840278625488,80.25247192382812,45214920712,39167,273438
273510,03,03,12.979949951171875,80.25227355957031,45214920712,39177,273510
273580,03,03,12.979960441589355,80.25225830078125,45214920712,39187,273580
273659,03,03,12.979990005493164,80.25209045410156,45214920712,39198,273659
273730,03,03,12.98013973236084,80.25155639648438,45214920712,39208,273730
273801,03,03,12.980389595031738,80.25074005126953,45214920712,39218,273801
273863,03,03,12.980640411376953,80.24967956542969,45214920712,39228,273863
273942,03,03,12.980759620666504,80.24845123291016,45214920712,39238,273942
274015,03,03,12.980859756469727,80.2471694946289,45214920712,39248,274015
274082,03,03,12.980979919433594,80.24581909179688,45214920712,39258,274082
274193,03,03,12.981169700622559,80.24407196044922,45214920712,39274,274193
274286,03,03,12.981189727783203,80.24385070800781,45214920712,39286,274286
274350,03,03,12.981220245361328,80.24369812011719,45214920712,39295,274350
274430,03,03,12.981329917907715,80.24352264404297,45214920712,39306,274430
274504,03,03,12.98136043548584,80.24311828613281,45214920712,39317,274504
274576,03,03,12.981369972229004,80.24281311035156,45214920712,39327,274576
274645,03,03,12.981369972229004,80.24278259277344,45214920712,39337,274645
274715,03,03,12.981380462646484,80.242431640625,45214920712,39346,274715
274794,03,03,12.981369972229004,80.24169158935547,45214920712,39357,274794
274857,03,03,12.981369972229004,80.24079895019531,45214920712,39367,274857
274936,03,03,12.981340408325195,80.23983764648438,45214920712,39377,274936
274993,03,03,12.98132038116455,80.23930358886719,45214920712,39386,274993
275078,03,03,12.981300354003906,80.23857116699219,45214920712,39397,275078
275159,03,03,12.981300354003906,80.23844146728516,45214920712,39408,275159
275225,03,03,12.981280326843262,80.2381820678711,45214920712,39418,275225
275301,03,03,12.981280326843262,80.23798370361328,45214920712,39428,275301
275368,03,03,12.981280326843262,80.23784637451172,45214920712,39438,275368
275439,03,03,12.981260299682617,80.23731231689453,45214920712,39448,275439
275505,03,03,12.981229782104492,80.2364730834961,45214920712,39458,275505
275582,03,03,12.981200218200684,80.23548126220703,45214920712,39468,275582
275649,03,03,12.981200218200684,80.23445892333984,45214920712,39478,275649
275719,03,03,12.981399536132812,80.23380279541016,45214920712,39488,275719
275796,03,03,12.981490135192871,80.2336196899414,45214920712,39498,275796
275873,03,03,12.981550216674805,80.23348999023438,45214920712,39509,275873
275940,03,03,12.981550216674805,80.23348999023438,45214920712,39519,275940
276011,03,03,12.981619834899902,80.23336791992188,45214920712,39529,276011
276083,03,03,12.981829643249512,80.23291778564453,45214920712,39539,276083
276160,03,03,12.982009887695312,80.2322769165039,45214920712,39549,276160
276229,03,03,12.981989860534668,80.23184204101562,45214920712,39559,276229
276299,03,03,12.981949806213379,80.23149108886719,45214920712,39569,276299
276371,03,03,12.981880187988281,80.23117065429688,45214920712,39579,276371
276443,03,03,12.981659889221191,80.23065185546875,45214920712,39589,276443
276507,03,03,12.981229782104492,80.22994232177734,45214920712,39599,276507
276592,03,03,12.980819702148438,80.22931671142578,45214920712,39610,276592
276662,03,03,12.980629920959473,80.22904205322266,45214920712,39620,276662
276730,03,03,12.980560302734375,80.22889709472656,45214920712,39630,276730
276805,03,03,12.980440139770508,80.22870635986328,45214920712,39640,276805
276872,03,03,12.980239868164062,80.2282485961914,45214920712,39650,276872
276939,03,03,12.979860305786133,80.22763061523438,45214920712,39660,276939
277017,03,03,12.979390144348145,80.2268295288086,45214920712,39670,277017
277086,03,03,12.978919982910156,80.22606658935547,45214920712,39680,277086
277147,03,03,12.978500366210938,80.22535705566406,45214920712,39690,277147
277223,03,03,12.978119850158691,80.22474670410156,45214920712,39700,277223
277299,03,03,12.977829933166504,80.22441864013672,45214920712,39710,277299
277370,03,03,12.977640151977539,80.22409057617188,45214920712,39721,277370
277445,03,03,12.977319717407227,80.22354125976562,45214920712,39731,277445
277510,03,03,12.976940155029297,80.2229232788086,45214920712,39741,277510
277583,03,03,12.976920127868652,80.2227783203125,45214920712,39751,277583
277653,03,03,12.977190017700195,80.22267150878906,45214920712,39761,277653
277727,03,03,12.977219581604004,80.22267150878906,45214920712,39771,277727
277797,03,03,12.977219581604004,80.22267150878906,45214920712,39781,277797
277873,03,03,12.977499961853027,80.2225112915039,45214920712,39791,277873
277940,03,03,12.977490425109863,80.22191619873047,45214920712,39801,277940
278006,03,03,12.977459907531738,80.22135925292969,45214920712,39811,278006
278089,03,03,12.977479934692383,80.22122192382812,45214920712,39822,278089
278162,03,03,12.977840423583984,80.22119903564453,45214920712,39832,278162
278231,03,03,12.97842025756836,80.22116088867188,45214920712,39842,278231
278304,03,03,12.979089736938477,80.22110748291016,45214920712,39852,278304
278370,03,03,12.979869842529297,80.22106170654297,45214920712,39862,278370
278441,03,03,12.980690002441406,80.22097778320312,45214920712,39872,278441
278515,03,03,12.981180191040039,80.22107696533203,45214920712,39882,278515
278586,03,03,12.981659889221191,80.22139739990234,45214920712,39892,278586
278657,03,03,12.982029914855957,80.22161865234375,45214920712,39902,278657
278728,03,03,12.9822998046875,80.22174072265625,45214920712,39912,278728
278809,03,03,12.982489585876465,80.2218017578125,45214920712,39923,278809
278882,03,03,12.982580184936523,80.22183990478516,45214920712,39933,278882
278955,03,03,12.982950210571289,80.22197723388672,45214920712,39943,278955
279022,03,03,12.982999801635742,80.22199249267578,45214920712,39953,279022
279099,03,03,12.983260154724121,80.22212982177734,45214920712,39963,279099
279166,03,03,12.983579635620117,80.22234344482422,45214920712,39973,279166
279235,03,03,12.984000205993652,80.22260284423828,45214920712,39983,279235
279308,03,03,12.984419822692871,80.22283935546875,45214920712,39993,279308
279378,03,03,12.984880447387695,80.2231216430664,45214920712,40003,279378
279446,03,03,12.985199928283691,80.2232437133789,45214920712,40013,279446
279522,03,03,12.985509872436523,80.22315216064453,45214920712,40023,279522
279598,03,03,12.986129760742188,80.22295379638672,45214920712,40034,279598
279672,03,03,12.986470222473145,80.22295379638672,45214920712,40044,279672
279751,03,03,12.986579895019531,80.22296142578125,45214920712,40054,279751
279820,03,03,12.987110137939453,80.22303009033203,45214920712,40064,279820
279890,03,03,12.987480163574219,80.22305297851562,45214920712,40074,279890
279954,03,03,12.987719535827637,80.2230224609375,45214920712,40084,279954
280031,03,03,12.988280296325684,80.2226333618164,45214920712,40094,280031
280101,03,03,12.988929748535156,80.22196960449219,45214920712,40104,280101
280170,03,03,12.989520072937012,80.22122192382812,45214920712,40114,280170
280242,03,03,12.99020004272461,80.2204818725586,45214920712,40124,280242
280323,03,03,12.990340232849121,80.22038269042969,45214920712,40135,280323
280392,03,03,12.990659713745117,80.22015380859375,45214920712,40145,280392
280464,03,03,12.99120044708252,80.21971130371094,45214920712,40155,280464
280544,03,03,12.991620063781738,80.21939086914062,45214920712,40165,280544
280611,03,03,12.99174976348877,80.21932220458984,45214920712,40175,280611
280682,03,03,12.991999626159668,80.2191162109375,45214920712,40185,280682
280757,03,03,12.992480278015137,80.21878051757812,45214920712,40195,280757
280830,03,03,12.993120193481445,80.21832275390625,45214920712,40205,280830
280900,03,03,12.993760108947754,80.2178726196289,45214920712,40215,280900
280974,03,03,12.99429988861084,80.21749877929688,45214920712,40225,280974
281051,03,03,12.994959831237793,80.217041015625,45214920712,40236,281051
281127,03,03,12.995650291442871,80.21668243408203,45214920712,40246,281127
281194,03,03,12.996419906616211,80.21652221679688,45214920712,40256,281194
281266,03,03,12.996970176696777,80.21646118164062,45214920712,40266,281266
281337,03,03,12.997320175170898,80.21627807617188,45214920712,40276,281337
281405,03,03,12.997429847717285,80.21617126464844,45214920712,40286,281405
281480,03,03,12.997590065002441,80.2160415649414,45214920712,40296,281480
281552,03,03,12.998040199279785,80.21562194824219,45214920712,40306,281552
281624,03,03,12.998709678649902,80.21504211425781,45214920712,40316,281624
281698,03,03,12.999139785766602,80.21468353271484,45214920712,40326,281698
281769,03,03,12.999509811401367,80.21436309814453,45214920712,40336,281769
281848,03,03,13.000060081481934,80.2138900756836,45214920712,40347,281848
281918,03,03,13.000639915466309,80.21337127685547,45214920712,40357,281918
281990,03,03,13.001119613647461,80.21298217773438,45214920712,40367,281990
282063,03,03,13.001540184020996,80.212646484375,45214920712,40377,282063
282138,03,03,13.002019882202148,80.21234130859375,45214920712,40387,282138
282203,03,03,13.002429962158203,80.212158203125,45214920712,40397,282203
282280,03,03,13.00275993347168,80.21208953857422,45214920712,40407,282280
282348,03,03,13.00331974029541,80.21204376220703,45214920712,40417,282348
282422,03,03,13.003609657287598,80.21189880371094,45214920712,40427,282422
282499,03,03,13.003669738769531,80.21170043945312,45214920712,40437,282499
282578,03,03,13.003640174865723,80.21096801757812,45214920712,40448,282578
282646,03,03,13.00352954864502,80.21012878417969,45214920712,40458,282646
282717,03,03,13.003560066223145,80.20924377441406,45214920712,40468,282717
282789,03,03,13.004010200500488,80.20861053466797,45214920712,40478,282789
282863,03,03,13.005009651184082,80.20906066894531,45214920712,40488,282863
282924,03,03,13.005929946899414,80.20942687988281,45214920712,40498,282924
283000,03,03,13.006609916687012,80.2096176147461,45214920712,40508,283000
283069,03,03,13.007060050964355,80.20973205566406,45214920712,40518,283069
283141,03,03,13.007060050964355,80.20973205566406,45214920712,40528,283141
283215,03,03,13.007060050964355,80.20973205566406,45214920712,40538,283215
283286,03,03,13.007200241088867,80.20980072021484,45214920712,40548,283286
283368,03,03,13.0076904296875,80.20986938476562,45214920712,40559,283368
283433,03,03,13.008199691772461,80.20987701416016,45214920712,40569,283433
283507,03,03,13.008060455322266,80.209228515625,45214920712,40579,283507
283576,03,03,13.007869720458984,80.208251953125,45214920712,40589,283576
283648,03,03,13.00767993927002,80.2072525024414,45214920712,40599,283648
283723,03,03,13.0075101852417,80.20635986328125,45214920712,40609,283723
283788,03,03,13.00747013092041,80.20564270019531,45214920712,40619,283788
283860,03,03,13.007479667663574,80.20509338378906,45214920712,40629,283860
283936,03,03,13.007490158081055,80.2043228149414,45214920712,40639,283936
284001,03,03,13.007369995117188,80.20337677001953,45214920712,40649,284001
284088,03,03,13.0068998336792,80.20252227783203,45214920712,40660,284088
284158,03,03,13.006549835205078,80.20310974121094,45214920712,40670,284158
284221,03,03,13.007100105285645,80.2034912109375,45214920712,40680,284221
284297,03,03,13.00786018371582,80.20368957519531,45214920712,40690,284297
284365,03,03,13.008810043334961,80.20365905761719,45214920712,40700,284365
284435,03,03,13.010080337524414,80.20359802246094,45214920712,40710,284435
284509,03,03,13.01134967803955,80.20366668701172,45214920712,40720,284509
284581,03,03,13.012470245361328,80.203857421875,45214920712,40730,284581
284650,03,03,13.013299942016602,80.20406341552734,45214920712,40740,284650
284727,03,03,13.013710021972656,80.20448303222656,45214920712,40750,284727
284800,03,03,13.013620376586914,80.20467376708984,45214920712,40760,284800
284875,03,03,13.01356029510498,80.20477294921875,45214920712,40771,284875
284952,03,03,13.01333999633789,80.20535278320312,45214920712,40781,284952
285019,03,03,13.013079643249512,80.20620727539062,45214920712,40791,285019
285094,03,03,13.012999534606934,80.20703125,45214920712,40801,285094
285167,03,03,13.012929916381836,80.2076187133789,45214920712,40811,285167
285235,03,03,13.012889862060547,80.20806884765625,45214920712,40821,285235
285304,03,03,13.012900352478027,80.2084732055664,45214920712,40831,285304
285379,03,03,13.012940406799316,80.20890808105469,45214920712,40841,285379
285454,03,03,13.013070106506348,80.20941925048828,45214920712,40851,285454
285524,03,03,13.013179779052734,80.2098388671875,45214920712,40861,285524
285605,03,03,13.013039588928223,80.21067810058594,45214920712,40872,285605
285674,03,03,13.012700080871582,80.21148681640625,45214920712,40882,285674
285741,03,03,13.012240409851074,80.2122573852539,45214920712,40892,285741
285817,03,03,13.01194953918457,80.21269989013672,45214920712,40902,285817
285891,03,03,13.011739730834961,80.21279907226562,45214920712,40912,285891
285961,03,03,13.011320114135742,80.21248626708984,45214920712,40922,285961
286035,03,03,13.01084041595459,80.21217346191406,45214920712,40932,286035
286107,03,03,13.010709762573242,80.21209716796875,45214920712,40942,286107
286176,03,03,13.010709762573242,80.21209716796875,45214920712,40952,286176
286249,03,03,13.010709762573242,80.21209716796875,45214920712,40962,286249
286332,03,03,13.010709762573242,80.21209716796875,45214920712,40973,286332
286400,03,03,13.010709762573242,80.21209716796875,45214920712,40983,286400
286473,03,03,13.010709762573242,80.21209716796875,45214920712,40993,286473
286547,03,03,13.010709762573242,80.21209716796875,45214920712,41003,286547
286618,03,03,13.010709762573242,80.21209716796875,45214920712,41013,286618
286690,03,03,13.010479927062988,80.21188354492188,45214920712,41023,286690
286762,03,03,13.010290145874023,80.21176147460938,45214920712,41033,286762
286832,03,03,13.010140419006348,80.21163177490234,45214920712,41043,286832
286910,03,03,13.010120391845703,80.21160125732422,45214920712,41053,286910
286983,03,03,13.010120391845703,80.21160125732422,45214920712,41063,286983
287053,03,03,13.010120391845703,80.21160125732422,45214920712,41073,287053
287136,03,03,13.010120391845703,80.21160125732422,45214920712,41084,287136
287208,03,03,13.010120391845703,80.21160125732422,45214920712,41094,287208
287278,03,03,13.010120391845703,80.21160125732422,45214920712,41104,287278
287353,03,03,13.010120391845703,80.21160125732422,45214920712,41114,287353
287426,03,03,13.010120391845703,80.21160125732422,45214920712,41124,287426
287500,03,03,13.010120391845703,80.21160125732422,45214920712,41134,287500
287571,03,03,13.010120391845703,80.21160125732422,45214920712,41144,287571
287643,03,03,13.00979995727539,80.21134948730469,45214920712,41154,287643
287717,03,03,13.009679794311523,80.2113037109375,45214920712,41164,287717
287791,03,03,13.009679794311523,80.2113037109375,45214920712,41174,287791
287864,03,03,13.009679794311523,80.2113037109375,45214920712,41185,287864
287937,03,03,13.009679794311523,80.2113037109375,45214920712,41195,287937
288008,03,03,13.009679794311523,80.2113037109375,45214920712,41205,288008
288085,03,03,13.009679794311523,80.2113037109375,45214920712,41215,288085
288156,03,03,13.009679794311523,80.2113037109375,45214920712,41225,288156
288229,03,03,13.009679794311523,80.2113037109375,45214920712,41235,288229
288304,03,03,13.009679794311523,80.2113037109375,45214920712,41245,288304
288375,03,03,13.009679794311523,80.2113037109375,45214920712,41255,288375
288448,03,03,13.009679794311523,80.2113037109375,45214920712,41265,288448
288522,03,03,13.009679794311523,80.2113037109375,45214920712,41275,288522
288601,03,03,13.009679794311523,80.2113037109375,45214920712,41286,288601
288686,03,03,13.009679794311523,80.2113037109375,45214920712,41296,288686
288752,03,03,13.009679794311523,80.2113037109375,45214920712,41305,288752
288836,03,03,13.009679794311523,80.2113037109375,45214920712,41316,288836
288904,03,03,13.009679794311523,80.2113037109375,45214920712,41326,288904
288976,03,03,13.009679794311523,80.2113037109375,45214920712,41336,288976
289053,03,03,13.009679794311523,80.2113037109375,45214920712,41346,289053
289123,03,03,13.009679794311523,80.2113037109375,45214920712,41356,289123
289195,03,03,13.009679794311523,80.2113037109375,45214920712,41366,289195
289269,03,03,13.009679794311523,80.2113037109375,45214920712,41376,289269
289344,03,03,13.009679794311523,80.2113037109375,45214920712,41386,289344
289421,03,03,13.009679794311523,80.2113037109375,45214920712,41397,289421
289496,03,03,13.009679794311523,80.2113037109375,45214920712,41407,289496
289571,03,03,13.009679794311523,80.2113037109375,45214920712,41417,289571
289644,03,03,13.009679794311523,80.2113037109375,45214920712,41427,289644
289718,03,03,13.009679794311523,80.2113037109375,45214920712,41437,289718
289788,03,03,13.009679794311523,80.2113037109375,45214920712,41447,289788
289860,03,03,13.009679794311523,80.2113037109375,45214920712,41457,289860
289941,03,03,13.009679794311523,80.2113037109375,45214920712,41467,289941
290014,03,03,13.009679794311523,80.2113037109375,45214920712,41477,290014
290086,03,03,13.009400367736816,80.21106719970703,45214920712,41487,290086
290160,03,03,13.009400367736816,80.21106719970703,45214920712,41498,290160
290234,03,03,13.009400367736816,80.21106719970703,45214920712,41508,290234
290306,03,03,13.009400367736816,80.21106719970703,45214920712,41518,290306
290379,03,03,13.009400367736816,80.21106719970703,45214920712,41528,290379
290452,03,03,13.009400367736816,80.21106719970703,45214920712,41538,290452
290523,03,03,13.009400367736816,80.21106719970703,45214920712,41548,290523
290595,03,03,13.009400367736816,80.21106719970703,45214920712,41558,290595
290669,03,03,13.009400367736816,80.21106719970703,45214920712,41568,290669
290744,03,03,13.009400367736816,80.21106719970703,45214920712,41578,290744
290819,03,03,13.009400367736816,80.21106719970703,45214920712,41588,290819
290893,03,03,13.009400367736816,80.21106719970703,45214920712,41599,290893
290967,03,03,13.009400367736816,80.21106719970703,45214920712,41609,290967
291039,03,03,13.009400367736816,80.21106719970703,45214920712,41619,291039
291110,03,03,13.009400367736816,80.21106719970703,45214920712,41629,291110
291181,03,03,13.009400367736816,80.21106719970703,45214920712,41639,291181
291257,03,03,13.009400367736816,80.21106719970703,45214920712,41649,291257
291329,03,03,13.009400367736816,80.21106719970703,45214920712,41659,291329
291400,03,03,13.009400367736816,80.21106719970703,45214920712,41669,291400
291473,03,03,13.009400367736816,80.21106719970703,45214920712,41679,291473
291543,03,03,13.009400367736816,80.21106719970703,45214920712,41689,291543
291619,03,03,13.009400367736816,80.21106719970703,45214920712,41699,291619
291693,03,03,13.009400367736816,80.21106719970703,45214920712,41710,291693
291772,03,03,13.009400367736816,80.21106719970703,45214920712,41720,291772
291840,03,03,13.009400367736816,80.21106719970703,45214920712,41730,291840
291913,03,03,13.009400367736816,80.21106719970703,45214920712,41740,291913
291990,03,03,13.009400367736816,80.21106719970703,45214920712,41750,291990
292058,03,03,13.009400367736816,80.21106719970703,45214920712,41760,292058
292132,03,03,13.009400367736816,80.21106719970703,45214920712,41770,292132
292206,03,03,13.009400367736816,80.21106719970703,45214920712,41780,292206
292279,03,03,13.009400367736816,80.21106719970703,45214920712,41790,292279
292352,03,03,13.009400367736816,80.21106719970703,45214920712,41800,292352
292429,03,03,13.009400367736816,80.21106719970703,45214920712,41811,292429
292505,03,03,13.009400367736816,80.21106719970703,45214920712,41821,292505
292573,03,03,13.009400367736816,80.21106719970703,45214920712,41831,292573
292645,03,03,13.00922966003418,80.21124267578125,45214920712,41841,292645
292717,03,03,13.009050369262695,80.21147918701172,45214920712,41851,292717
292789,03,03,13.009110450744629,80.21199035644531,45214920712,41861,292789
292862,03,03,13.009320259094238,80.2125473022461,45214920712,41871,292862
292931,03,03,13.009550094604492,80.2131576538086,45214920712,41881,292931
293009,03,03,13.00984001159668,80.21389770507812,45214920712,41891,293009
293075,03,03,13.010140419006348,80.2147216796875,45214920712,41901,293075
293154,03,03,13.010310173034668,80.21575927734375,45214920712,41912,293154
293234,03,03,13.010689735412598,80.21665954589844,45214920712,41922,293234
293299,03,03,13.011079788208008,80.21749114990234,45214920712,41932,293299
293376,03,03,13.011460304260254,80.21843719482422,45214920712,41942,293376
293452,03,03,13.011839866638184,80.21952056884766,45214920712,41952,293452
293522,03,03,13.01218032836914,80.22057342529297,45214920712,41962,293522
293580,03,03,13.012350082397461,80.22109985351562,45214920712,41971,293580
293667,03,03,13.012359619140625,80.22126007080078,45214920712,41982,293667
293736,03,03,13.012399673461914,80.22151184082031,45214920712,41992,293736
293808,03,03,13.012689590454102,80.22197723388672,45214920712,42002,293808
293883,03,03,13.01315975189209,80.2225112915039,45214920712,42012,293883
293960,03,03,13.013649940490723,80.22308349609375,45214920712,42023,293960
294030,03,03,13.014100074768066,80.22364044189453,45214920712,42033,294030
294101,03,03,13.014659881591797,80.22428131103516,45214920712,42043,294101
294176,03,03,13.015130043029785,80.2248306274414,45214920712,42053,294176
294251,03,03,13.015419960021973,80.22537994384766,45214920712,42063,294251
294324,03,03,13.015230178833008,80.225830078125,45214920712,42073,294324
294396,03,03,13.014599800109863,80.2260971069336,45214920712,42083,294396
294469,03,03,13.01377010345459,80.22643280029297,45214920712,42093,294469
294540,03,03,13.01282024383545,80.226806640625,45214920712,42103,294540
294609,03,03,13.011839866638184,80.22718811035156,45214920712,42113,294609
294693,03,03,13.010740280151367,80.22762298583984,45214920712,42124,294693
294772,03,03,13.009810447692871,80.22795104980469,45214920712,42134,294772
294837,03,03,13.009519577026367,80.22747039794922,45214920712,42144,294837
294908,03,03,13.00984001159668,80.226806640625,45214920712,42154,294908
294977,03,03,13.010180473327637,80.22608184814453,45214920712,42164,294977
295049,03,03,13.010479927062988,80.22534942626953,45214920712,42174,295049
295120,03,03,13.010600090026855,80.22515869140625,45214920712,42184,295120
295192,03,03,13.01078987121582,80.22476196289062,45214920712,42194,295192
295265,03,03,13.011090278625488,80.22399139404297,45214920712,42204,295265
295337,03,03,13.011260032653809,80.22332000732422,45214920712,42214,295337
295408,03,03,13.010660171508789,80.2229995727539,45214920712,42224,295408
295488,03,03,13.010470390319824,80.2229232788086,45214920712,42235,295488
295561,03,03,13.010080337524414,80.22264099121094,45214920712,42245,295561
295634,03,03,13.009420394897461,80.22228240966797,45214920712,42255,295634
295701,03,03,13.008649826049805,80.22184753417969,45214920712,42265,295701
295778,03,03,13.00790023803711,80.22144317626953,45214920712,42275,295778
295845,03,03,13.007140159606934,80.2210464477539,45214920712,42285,295845
295919,03,03,13.00625991821289,80.22068786621094,45214920712,42295,295919
295990,03,03,13.005390167236328,80.22049713134766,45214920712,42305,295990
296064,03,03,13.004779815673828,80.22032928466797,45214920712,42315,296064
296137,03,03,13.004619598388672,80.22029113769531,45214920712,42325,296137
296214,03,03,13.003990173339844,80.22016906738281,45214920712,42336,296214
296290,03,03,13.003270149230957,80.22003936767578,45214920712,42346,296290
296361,03,03,13.002459526062012,80.21961212158203,45214920712,42356,296361
296433,03,03,13.001959800720215,80.21910095214844,45214920712,42366,296433
296505,03,03,13.001489639282227,80.21861267089844,45214920712,42376,296505
296577,03,03,13.000900268554688,80.21819305419922,45214920712,42386,296577
296647,03,03,13.000260353088379,80.21778106689453,45214920712,42396,296647
296719,03,03,12.999520301818848,80.21733856201172,45214920712,42406,296719
296792,03,03,12.998740196228027,80.21692657470703,45214920712,42416,296792
296860,03,03,12.99783992767334,80.21659851074219,45214920712,42426,296860
296933,03,03,12.997480392456055,80.21656036376953,45214920712,42436,296933
297012,03,03,12.997480392456055,80.21656036376953,45214920712,42447,297012
297083,03,03,12.997289657592773,80.21653747558594,45214920712,42457,297083
297196,03,03,12.9962797164917,80.21662139892578,45214920712,42473,297196
297285,03,03,12.99573040008545,80.21675109863281,45214920712,42485,297285
297338,03,03,12.995630264282227,80.21678924560547,45214920712,42493,297338
297420,03,03,12.995630264282227,80.21678924560547,45214920712,42504,297420
297499,03,03,12.995369911193848,80.21690368652344,45214920712,42515,297499
297571,03,03,12.99524974822998,80.21695709228516,45214920712,42525,297571
297637,03,03,12.994990348815918,80.21710968017578,45214920712,42535,297637
297719,03,03,12.994549751281738,80.21742248535156,45214920712,42546,297719
297790,03,03,12.994150161743164,80.21772003173828,45214920712,42556,297790
297867,03,03,12.993900299072266,80.21791076660156,45214920712,42566,297867
297938,03,03,12.993410110473633,80.21826934814453,45214920712,42576,297938
298014,03,03,12.992719650268555,80.2187728881836,45214920712,42586,298014
298078,03,03,12.991900444030762,80.2193832397461,45214920712,42596,298078
298151,03,03,12.991259574890137,80.21984100341797,45214920712,42606,298151
298228,03,03,12.990880012512207,80.22010803222656,45214920712,42616,298228
298300,03,03,12.990779876708984,80.22016906738281,45214920712,42626,298300
298373,03,03,12.990280151367188,80.22057342529297,45214920712,42636,298373
298445,03,03,12.989620208740234,80.22126007080078,45214920712,42646,298445
298518,03,03,12.989029884338379,80.22197723388672,45214920712,42657,298518
298590,03,03,12.988289833068848,80.22271728515625,45214920712,42667,298590
298660,03,03,12.987600326538086,80.22310638427734,45214920712,42677,298660
298778,03,03,12.987139701843262,80.22309875488281,45214920712,42693,298778
298857,03,03,12.986709594726562,80.22303771972656,45214920712,42705,298857
298923,03,03,12.986180305480957,80.22303771972656,45214920712,42713,298923
298985,03,03,12.98567008972168,80.22315216064453,45214920712,42722,298985
299087,03,03,12.985139846801758,80.22332000732422,45214920712,42736,299087
299158,03,03,12.984539985656738,80.22310638427734,45214920712,42746,299158
299232,03,03,12.983969688415527,80.22274780273438,45214920712,42756,299232
299313,03,03,12.98346996307373,80.22245788574219,45214920712,42767,299313
299385,03,03,12.983220100402832,80.2223129272461,45214920712,42777,299385
299449,03,03,12.983099937438965,80.22219848632812,45214920712,42787,299449
299526,03,03,12.982780456542969,80.22199249267578,45214920712,42797,299526
299598,03,03,12.982439994812012,80.22189331054688,45214920712,42807,299598
299760,03,03,12.980979919433594,80.2212905883789,45214920712,42830,299760
299847,03,03,12.98019027709961,80.22122192382812,45214920712,42842,299847
299918,03,03,12.979379653930664,80.22123718261719,45214920712,42852,299918
299988,03,03,12.97877025604248,80.22126007080078,45214920712,42862,299988
300070,03,03,12.978079795837402,80.22126007080078,45214920712,42873,300070
300134,03,03,12.977720260620117,80.22128295898438,45214920712,42883,300134
300215,03,03,12.977279663085938,80.22129821777344,45214920712,42893,300215
300275,03,03,12.976699829101562,80.22129821777344,45214920712,42903,300275
300354,03,03,12.976309776306152,80.22126770019531,45214920712,42913,300354
300421,03,03,12.976099967956543,80.2214126586914,45214920712,42923,300421
300494,03,03,12.976329803466797,80.22173309326172,45214920712,42933,300494
300571,03,03,12.976340293884277,80.22174072265625,45214920712,42943,300571
300646,03,03,12.976340293884277,80.22183990478516,45214920712,42953,300646
300714,03,03,12.976579666137695,80.22221374511719,45214920712,42963,300714
300798,03,03,12.977069854736328,80.2230224609375,45214920712,42974,300798
300863,03,03,12.977649688720703,80.22395324707031,45214920712,42984,300863
300932,03,03,12.978260040283203,80.22493743896484,45214920712,42994,300932
301006,03,03,12.978879928588867,80.22595977783203,45214920712,43004,301006
301073,03,03,12.979450225830078,80.22689819335938,45214920712,43014,301073
301146,03,03,12.979900360107422,80.22762298583984,45214920712,43024,301146
301227,03,03,12.980250358581543,80.22823333740234,45214920712,43034,301227
301295,03,03,12.980680465698242,80.2289810180664,45214920712,43044,301295
301364,03,03,12.980839729309082,80.229248046875,45214920712,43054,301364
301436,03,03,12.98114013671875,80.2297592163086,45214920712,43064,301436
301521,03,03,12.981650352478027,80.23050689697266,45214920712,43075,301521
301586,03,03,12.981940269470215,80.23119354248047,45214920712,43085,301586
301655,03,03,12.982040405273438,80.23206329345703,45214920712,43095,301655
301739,03,03,12.981940269470215,80.23272705078125,45214920712,43105,301739
301810,03,03,12.981789588928223,80.23316192626953,45214920712,43115,301810
301879,03,03,12.981659889221191,80.23341369628906,45214920712,43125,301879
301948,03,03,12.981619834899902,80.2335205078125,45214920712,43135,301948
302027,03,03,12.981450080871582,80.23384857177734,45214920712,43145,302027
302082,03,03,12.981200218200684,80.2345199584961,45214920712,43154,302082
302165,03,03,12.981209754943848,80.23570251464844,45214920712,43165,302165
302234,03,03,12.981249809265137,80.23693084716797,45214920712,43175,302234
302317,03,03,12.981300354003906,80.23806762695312,45214920712,43186,302317
302386,03,03,12.981300354003906,80.23866271972656,45214920712,43196,302386
302462,03,03,12.981300354003906,80.23876190185547,45214920712,43206,302462
302537,03,03,12.98130989074707,80.23932647705078,45214920712,43216,302537
302611,03,03,12.981300354003906,80.23988342285156,45214920712,43226,302611
302673,03,03,12.981329917907715,80.24073791503906,45214920712,43236,302673
302752,03,03,12.981340408325195,80.24178314208984,45214920712,43246,302752
302815,03,03,12.98136043548584,80.2425537109375,45214920712,43256,302815
302895,03,03,12.98136043548584,80.24285125732422,45214920712,43266,302895
302966,03,03,12.98136043548584,80.24331665039062,45214920712,43276,302966
303047,03,03,12.981249809265137,80.2442626953125,45214920712,43287,303047
303118,03,03,12.981109619140625,80.24540710449219,45214920712,43297,303118
303191,03,03,12.98095989227295,80.24671936035156,45214920712,43307,303191
303301,03,03,12.980759620666504,80.24899291992188,45214920712,43323,303301
303388,03,03,12.980440139770508,80.25076293945312,45214920712,43335,303388
303457,03,03,12.98013973236084,80.25193786621094,45214920712,43345,303457
303530,03,03,12.980030059814453,80.25227355957031,45214920712,43355,303530
303604,03,03,12.979900360107422,80.25261688232422,45214920712,43365,303604
303679,03,03,12.979419708251953,80.25274658203125,45214920712,43375,303679
303753,03,03,12.978859901428223,80.25267028808594,45214920712,43385,303753
303834,03,03,12.978790283203125,80.2526626586914,45214920712,43396,303834
303902,03,03,12.978320121765137,80.25244140625,45214920712,43406,303902
303973,03,03,12.977609634399414,80.25183868408203,45214920712,43416,303973
304045,03,03,12.976519584655762,80.25128936767578,45214920712,43426,304045
304116,03,03,12.975179672241211,80.25090026855469,45214920712,43436,304116
304191,03,03,12.973779678344727,80.25048828125,45214920712,43446,304191
304263,03,03,12.972530364990234,80.25019073486328,45214920712,43456,304263
304334,03,03,12.971389770507812,80.24990844726562,45214920712,43466,304334
304409,03,03,12.970080375671387,80.24954986572266,45214920712,43476,304409
304479,03,03,12.968779563903809,80.24903106689453,45214920712,43486,304479
304560,03,03,12.967439651489258,80.24848937988281,45214920712,43497,304560
304632,03,03,12.966279983520508,80.24793243408203,45214920712,43507,304632
304700,03,03,12.965299606323242,80.24756622314453,45214920712,43517,304700
304773,03,03,12.965169906616211,80.24749755859375,45214920712,43527,304773
304845,03,03,12.965080261230469,80.2474594116211,45214920712,43537,304845
304919,03,03,12.964539527893066,80.24726104736328,45214920712,43547,304919
304993,03,03,12.963839530944824,80.24697875976562,45214920712,43557,304993
305065,03,03,12.96362018585205,80.24690246582031,45214920712,43567,305065
305137,03,03,12.96362018585205,80.24690246582031,45214920712,43577,305137
305210,03,03,12.96362018585205,80.24690246582031,45214920712,43587,305210
305280,03,03,12.96362018585205,80.24690246582031,45214920712,43597,305280
305356,03,03,12.963139533996582,80.24665832519531,45214920712,43608,305356
305434,03,03,12.962369918823242,80.2462387084961,45214920712,43618,305434
305506,03,03,12.961310386657715,80.24571228027344,45214920712,43628,305506
305575,03,03,12.96008014678955,80.24517059326172,45214920712,43638,305575
305648,03,03,12.959030151367188,80.24471282958984,45214920712,43648,305648
305723,03,03,12.9579496383667,80.24424743652344,45214920712,43658,305723
305796,03,03,12.957110404968262,80.24394989013672,45214920712,43668,305796
305869,03,03,12.956620216369629,80.24375915527344,45214920712,43678,305869
305941,03,03,12.956620216369629,80.24375915527344,45214920712,43688,305941
306016,03,03,12.956520080566406,80.24371337890625,45214920712,43698,306016
306092,03,03,12.956390380859375,80.24365997314453,45214920712,43709,306092
306170,03,03,12.95619010925293,80.24356842041016,45214920712,43719,306170
306244,03,03,12.955559730529785,80.24329376220703,45214920712,43729,306244
306315,03,03,12.954719543457031,80.2428970336914,45214920712,43739,306315
306388,03,03,12.953940391540527,80.24256134033203,45214920712,43749,306388
306461,03,03,12.95322036743164,80.24226379394531,45214920712,43759,306461
306533,03,03,12.95242977142334,80.24198150634766,45214920712,43769,306533
306607,03,03,12.951990127563477,80.24183654785156,45214920712,43779,306607
306682,03,03,12.951910018920898,80.24178314208984,45214920712,43789,306682
306756,03,03,12.951539993286133,80.24165344238281,45214920712,43799,306756
306829,03,03,12.950699806213379,80.24137115478516,45214920712,43810,306829
306903,03,03,12.949859619140625,80.24112701416016,45214920712,43820,306903
306977,03,03,12.949729919433594,80.2410888671875,45214920712,43830,306977
307049,03,03,12.949379920959473,80.24098205566406,45214920712,43840,307049
307118,03,03,12.94888973236084,80.24079895019531,45214920712,43850,307118
307191,03,03,12.948249816894531,80.24053192138672,45214920712,43860,307191
307263,03,03,12.947580337524414,80.2402572631836,45214920712,43870,307263
307332,03,03,12.94752025604248,80.24021911621094,45214920712,43880,307332
307400,03,03,12.947159767150879,80.24005889892578,45214920712,43890,307400
307476,03,03,12.946430206298828,80.23973846435547,45214920712,43900,307476
307546,03,03,12.945440292358398,80.23931884765625,45214920712,43910,307546
307622,03,03,12.944390296936035,80.23841094970703,45214920712,43921,307622
307695,03,03,12.943599700927734,80.23760223388672,45214920712,43931,307695
307767,03,03,12.94279956817627,80.23681640625,45214920712,43941,307767
307836,03,03,12.941550254821777,80.23635864257812,45214920712,43951,307836
307909,03,03,12.940369606018066,80.2360610961914,45214920712,43961,307909
307983,03,03,12.93982982635498,80.23589324951172,45214920712,43971,307983
308056,03,03,12.939740180969238,80.23584747314453,45214920712,43981,308056
308125,03,03,12.939189910888672,80.23561096191406,45214920712,43991,308125
308197,03,03,12.93828010559082,80.23518371582031,45214920712,44001,308197
308268,03,03,12.937230110168457,80.23464965820312,45214920712,44011,308268
308342,03,03,12.936149597167969,80.23409271240234,45214920712,44022,308342
308414,03,03,12.93572998046875,80.23387908935547,45214920712,44032,308414
308486,03,03,12.935219764709473,80.23365020751953,45214920712,44042,308486
308559,03,03,12.934359550476074,80.23330688476562,45214920712,44052,308559
308631,03,03,12.933870315551758,80.23306274414062,45214920712,44062,308631
308702,03,03,12.933759689331055,80.2330093383789,45214920712,44072,308702
308775,03,03,12.933300018310547,80.23280334472656,45214920712,44082,308775
308850,03,03,12.932459831237793,80.23248291015625,45214920712,44092,308850
308921,03,03,12.93142032623291,80.23210906982422,45214920712,44102,308921
308990,03,03,12.93019962310791,80.23172760009766,45214920712,44112,308990
309058,03,03,12.929220199584961,80.23149108886719,45214920712,44121,309058
309138,03,03,12.928759574890137,80.23136901855469,45214920712,44133,309138
309209,03,03,12.928110122680664,80.23126220703125,45214920712,44143,309209
309279,03,03,12.92710018157959,80.23113250732422,45214920712,44153,309279
309353,03,03,12.925860404968262,80.2309799194336,45214920712,44163,309353
309425,03,03,12.92471981048584,80.23084259033203,45214920712,44173,309425
309497,03,03,12.923439979553223,80.23069763183594,45214920712,44183,309497
309568,03,03,12.92201042175293,80.23047637939453,45214920712,44193,309568
309643,03,03,12.920519828796387,80.23026275634766,45214920712,44203,309643
309713,03,03,12.91923999786377,80.23008728027344,45214920712,44213,309713
309842,03,03,12.91720962524414,80.22985076904297,45214920712,44230,309842
309919,03,03,12.915840148925781,80.22966003417969,45214920712,44242,309919
309994,03,03,12.914850234985352,80.22952270507812,45214920712,44252,309994
310057,03,03,12.913610458374023,80.2293930053711,45214920712,44260,310057
310129,03,03,12.913269996643066,80.22936248779297,45214920712,44270,310129
310202,03,03,12.913009643554688,80.22930908203125,45214920712,44281,310202
310294,03,03,12.912110328674316,80.22917938232422,45214920712,44293,310294
310367,03,03,12.91094970703125,80.22899627685547,45214920712,44303,310367
310439,03,03,12.90962028503418,80.22876739501953,45214920712,44313,310439
310512,03,03,12.908309936523438,80.2285385131836,45214920712,44323,310512
310586,03,03,12.907600402832031,80.22846221923828,45214920712,44333,310586
310660,03,03,12.907529830932617,80.22846221923828,45214920712,44344,310660
310733,03,03,12.907529830932617,80.22846221923828,45214920712,44354,310733
310807,03,03,12.9072904586792,80.22843933105469,45214920712,44364,310807
310884,03,03,12.90697956085205,80.2283935546875,45214920712,44374,310884
310954,03,03,12.906869888305664,80.22837829589844,45214920712,44384,310954
311029,03,03,12.906869888305664,80.22837829589844,45214920712,44394,311029
311099,03,03,12.906869888305664,80.22837829589844,45214920712,44404,311099
311172,03,03,12.906869888305664,80.22837829589844,45214920712,44414,311172
311241,03,03,12.906869888305664,80.22837829589844,45214920712,44424,311241
311312,03,03,12.906869888305664,80.22837829589844,45214920712,44434,311312
311393,03,03,12.906439781188965,80.22834777832031,45214920712,44445,311393
311463,03,03,12.9056396484375,80.22827911376953,45214920712,44455,311463
311536,03,03,12.904560089111328,80.22821807861328,45214920712,44465,311536
311610,03,03,12.90349006652832,80.22814178466797,45214920712,44475,311610
311682,03,03,12.902660369873047,80.22811126708984,45214920712,44485,311682
311756,03,03,12.902400016784668,80.22811889648438,45214920712,44495,311756
311829,03,03,12.902400016784668,80.22811889648438,45214920712,44505,311829
311902,03,03,12.902400016784668,80.22811889648438,45214920712,44515,311902
311976,03,03,12.902400016784668,80.22811889648438,45214920712,44525,311976
312051,03,03,12.902400016784668,80.22811889648438,45214920712,44535,312051
312124,03,03,12.902029991149902,80.22811126708984,45214920712,44545,312124
312203,03,03,12.901450157165527,80.22808074951172,45214920712,44556,312203
312314,03,03,12.900629997253418,80.22802734375,45214920712,44572,312314
312411,03,03,12.900289535522461,80.2280502319336,45214920712,44584,312411
312483,03,03,12.899979591369629,80.22804260253906,45214920712,44594,312483
312547,03,03,12.899720191955566,80.22801971435547,45214920712,44604,312547
312623,03,03,12.899720191955566,80.22801971435547,45214920712,44614,312623
312695,03,03,12.899720191955566,80.22801971435547,45214920712,44624,312695
312772,03,03,12.899510383605957,80.22796630859375,45214920712,44634,312772
312845,03,03,12.898850440979004,80.22792053222656,45214920712,44644,312845
312919,03,03,12.897780418395996,80.22785949707031,45214920712,44655,312919
312994,03,03,12.896590232849121,80.227783203125,45214920712,44665,312994
313067,03,03,12.895400047302246,80.22772216796875,45214920712,44675,313067
313138,03,03,12.894619941711426,80.22769927978516,45214920712,44685,313138
313210,03,03,12.893699645996094,80.2276382446289,45214920712,44695,313210
313287,03,03,12.89342975616455,80.22763061523438,45214920712,44705,313287
313358,03,03,12.893309593200684,80.22760009765625,45214920712,44715,313358
313430,03,03,12.892990112304688,80.2275390625,45214920712,44725,313430
313499,03,03,12.892609596252441,80.22750091552734,45214920712,44735,313499
313573,03,03,12.891960144042969,80.2274398803711,45214920712,44745,313573
313651,03,03,12.891119956970215,80.2274169921875,45214920712,44755,313651
313727,03,03,12.890029907226562,80.22740936279297,45214920712,44766,313727
313799,03,03,12.889220237731934,80.2274169921875,45214920712,44775,313799
313874,03,03,12.888580322265625,80.2274169921875,45214920712,44786,313874
313948,03,03,12.888389587402344,80.22740936279297,45214920712,44796,313948
314021,03,03,12.887800216674805,80.22734832763672,45214920712,44806,314021
314093,03,03,12.886930465698242,80.22721099853516,45214920712,44816,314093
314163,03,03,12.885820388793945,80.2269287109375,45214920712,44826,314163
314236,03,03,12.885069847106934,80.22679138183594,45214920712,44836,314236
314313,03,03,12.884320259094238,80.22673034667969,45214920712,44846,314313
314380,03,03,12.883259773254395,80.22673797607422,45214920712,44856,314380
314467,03,03,12.881839752197266,80.22675323486328,45214920712,44867,314467
314536,03,03,12.880430221557617,80.22676086425781,45214920712,44877,314536
314602,03,03,12.87913990020752,80.22679138183594,45214920712,44886,314602
314691,03,03,12.877739906311035,80.22688293457031,45214920712,44897,314691
314761,03,03,12.87660026550293,80.22698211669922,45214920712,44907,314761
314829,03,03,12.87637996673584,80.22673034667969,45214920712,44916,314829
314902,03,03,12.87639045715332,80.2265396118164,45214920712,44927,314902
314975,03,03,12.87639045715332,80.2265396118164,45214920712,44937,314975
315050,03,03,12.876420021057129,80.22628784179688,45214920712,44947,315050
315122,03,03,12.876509666442871,80.22557830810547,45214920712,44957,315122
315191,03,03,12.876620292663574,80.22456359863281,45214920712,44967,315191
315268,03,03,12.876859664916992,80.22329711914062,45214920712,44977,315268
315340,03,03,12.877180099487305,80.22183227539062,45214920712,44988,315340
315413,03,03,12.8774995803833,80.22051239013672,45214920712,44998,315413
315489,03,03,12.877840042114258,80.2190933227539,45214920712,45008,315489
315563,03,03,12.878129959106445,80.21768951416016,45214920712,45018,315563
315633,03,03,12.87837028503418,80.21649169921875,45214920712,45028,315633
315703,03,03,12.878669738769531,80.21513366699219,45214920712,45038,315703
315772,03,03,12.878939628601074,80.21366882324219,45214920712,45048,315772
315854,03,03,12.879220008850098,80.21224212646484,45214920712,45058,315854
315926,03,03,12.879400253295898,80.21115112304688,45214920712,45068,315926
316001,03,03,12.8789701461792,80.21092987060547,45214920712,45079,316001
316076,03,03,12.878959655761719,80.21092987060547,45214920712,45089,316076
316147,03,03,12.878669738769531,80.21089172363281,45214920712,45099,316147
316220,03,03,12.878000259399414,80.21076965332031,45214920712,45109,316220
316295,03,03,12.877169609069824,80.21061706542969,45214920712,45119,316295
316362,03,03,12.876190185546875,80.2104263305664,45214920712,45129,316362
316431,03,03,12.87516975402832,80.21025848388672,45214920712,45139,316431
316508,03,03,12.874520301818848,80.21015167236328,45214920712,45149,316508
316575,03,03,12.874520301818848,80.21015167236328,45214920712,45159,316575
316653,03,03,12.874369621276855,80.2100601196289,45214920712,45169,316653
316726,03,03,12.874520301818848,80.20957946777344,45214920712,45179,316726
316801,03,03,12.874719619750977,80.20980072021484,45214920712,45190,316801
316876,03,03,12.874640464782715,80.20980834960938,45214920712,45200,316876
316951,03,03,12.874640464782715,80.20980834960938,45214920712,45210,316951
317018,03,03,12.874640464782715,80.20980834960938,45214920712,45220,317018
317085,03,03,12.874640464782715,80.20980834960938,45214920712,45229,317085
317169,03,03,12.874640464782715,80.20980834960938,45214920712,45240,317169
317240,03,03,12.874640464782715,80.20980834960938,45214920712,45250,317240
317313,03,03,12.874640464782715,80.20980834960938,45214920712,45260,317313
317384,03,03,12.874640464782715,80.20980834960938,45214920712,45270,317384
317454,03,03,12.874640464782715,80.20980834960938,45214920712,45280,317454
317535,03,03,12.874640464782715,80.20980834960938,45214920712,45291,317535
317608,03,03,12.874640464782715,80.20980834960938,45214920712,45301,317608
317683,03,03,12.874640464782715,80.20980834960938,45214920712,45311,317683
317757,03,03,12.874640464782715,80.20980834960938,45214920712,45321,317757
317831,03,03,12.874640464782715,80.20980834960938,45214920712,45331,317831
317902,03,03,12.874640464782715,80.20980834960938,45214920712,45341,317902
317977,03,03,12.874640464782715,80.20980834960938,45214920712,45351,317977
318045,03,03,12.874640464782715,80.20980834960938,45214920712,45361,318045
318117,03,03,12.874640464782715,80.20980834960938,45214920712,45371,318117
318194,03,03,12.874640464782715,80.20980834960938,45214920712,45381,318194
318269,03,03,12.874640464782715,80.20980834960938,45214920712,45392,318269
318344,03,03,12.874640464782715,80.20980834960938,45214920712,45402,318344
318417,03,03,12.874640464782715,80.20980834960938,45214920712,45412,318417
318488,03,03,12.874640464782715,80.20980834960938,45214920712,45422,318488
318562,03,03,12.874640464782715,80.20980834960938,45214920712,45432,318562
318636,03,03,12.874640464782715,80.20980834960938,45214920712,45442,318636
318708,03,03,12.874640464782715,80.20980834960938,45214920712,45452,318708
318784,03,03,12.874640464782715,80.20980834960938,45214920712,45462,318784
318858,03,03,12.874640464782715,80.20980834960938,45214920712,45472,318858
318923,03,03,12.874640464782715,80.20980834960938,45214920712,45482,318923
318999,03,03,12.874640464782715,80.20980834960938,45214920712,45492,318999
319077,03,03,12.874640464782715,80.20980834960938,45214920712,45503,319077
319149,03,03,12.874640464782715,80.20980834960938,45214920712,45513,319149
319221,03,03,12.874640464782715,80.20980834960938,45214920712,45523,319221
319295,03,03,12.874640464782715,80.20980834960938,45214920712,45533,319295
319367,03,03,12.874640464782715,80.20980834960938,45214920712,45543,319367
319435,03,03,12.874640464782715,80.20980834960938,45214920712,45553,319435
319507,03,03,12.874640464782715,80.20980834960938,45214920712,45563,319507
319581,03,03,12.874640464782715,80.20980834960938,45214920712,45573,319581
319653,03,03,12.874640464782715,80.20980834960938,45214920712,45583,319653
319728,03,03,12.874640464782715,80.20980834960938,45214920712,45593,319728
319803,03,03,12.874640464782715,80.20980834960938,45214920712,45604,319803
319878,03,03,12.874640464782715,80.20980834960938,45214920712,45614,319878
319952,03,03,12.874640464782715,80.20980834960938,45214920712,45624,319952
320021,03,03,12.874640464782715,80.20980834960938,45214920712,45634,320021
320093,03,03,12.874640464782715,80.20980834960938,45214920712,45644,320093
320168,03,03,12.874640464782715,80.20980834960938,45214920712,45654,320168
320238,03,03,12.874640464782715,80.20980834960938,45214920712,45664,320238
320314,03,03,12.874640464782715,80.20980834960938,45214920712,45674,320314
320387,03,03,12.874640464782715,80.20980834960938,45214920712,45684,320387
320459,03,03,12.874640464782715,80.20980834960938,45214920712,45694,320459
320534,03,03,12.874640464782715,80.20980834960938,45214920712,45704,320534
320613,03,03,12.874640464782715,80.20980834960938,45214920712,45715,320613
320685,03,03,12.874640464782715,80.20980834960938,45214920712,45725,320685
320753,03,03,12.874640464782715,80.20980834960938,45214920712,45735,320753
320829,03,03,12.874640464782715,80.20980834960938,45214920712,45745,320829
320902,03,03,12.874640464782715,80.20980834960938,45214920712,45755,320902
320976,03,03,12.874640464782715,80.20980834960938,45214920712,45765,320976
321047,03,03,12.874640464782715,80.20980834960938,45214920712,45775,321047
321122,03,03,12.874640464782715,80.20980834960938,45214920712,45785,321122
321196,03,03,12.874640464782715,80.20980834960938,45214920712,45795,321196
321267,03,03,12.874640464782715,80.20980834960938,45214920712,45805,321267
321343,03,03,12.874640464782715,80.20980834960938,45214920712,45816,321343
321418,03,03,12.874640464782715,80.20980834960938,45214920712,45826,321418
321491,03,03,12.874750137329102,80.2098617553711,45214920712,45836,321491
321566,03,03,12.874750137329102,80.2098617553711,45214920712,45846,321566
321640,03,03,12.874750137329102,80.2098617553711,45214920712,45856,321640
321712,03,03,12.874750137329102,80.2098617553711,45214920712,45866,321712
321784,03,03,12.874750137329102,80.2098617553711,45214920712,45876,321784
321859,03,03,12.874750137329102,80.2098617553711,45214920712,45886,321859
321927,03,03,12.874750137329102,80.2098617553711,45214920712,45896,321927
322002,03,03,12.874750137329102,80.2098617553711,45214920712,45906,322002
322076,03,03,12.874750137329102,80.2098617553711,45214920712,45916,322076
322153,03,03,12.874750137329102,80.2098617553711,45214920712,45927,322153
322228,03,03,12.874750137329102,80.2098617553711,45214920712,45937,322228
322300,03,03,12.874750137329102,80.2098617553711,45214920712,45947,322300
322371,03,03,12.874750137329102,80.2098617553711,45214920712,45957,322371
322446,03,03,12.874750137329102,80.2098617553711,45214920712,45967,322446
322520,03,03,12.874750137329102,80.2098617553711,45214920712,45977,322520
322591,03,03,12.874750137329102,80.2098617553711,45214920712,45987,322591
322661,03,03,12.874750137329102,80.2098617553711,45214920712,45997,322661
322732,03,03,12.874750137329102,80.2098617553711,45214920712,46007,322732
322808,03,03,12.874750137329102,80.2098617553711,45214920712,46017,322808
322884,03,03,12.874750137329102,80.2098617553711,45214920712,46028,322884
322958,03,03,12.874750137329102,80.2098617553711,45214920712,46038,322958
323028,03,03,12.874750137329102,80.2098617553711,45214920712,46048,323028
323102,03,03,12.874750137329102,80.2098617553711,45214920712,46058,323102
323175,03,03,12.874750137329102,80.2098617553711,45214920712,46068,323175
323246,03,03,12.874750137329102,80.2098617553711,45214920712,46078,323246
323322,03,03,12.874750137329102,80.2098617553711,45214920712,46088,323322
323391,03,03,12.874750137329102,80.2098617553711,45214920712,46098,323391
323466,03,03,12.874750137329102,80.2098617553711,45214920712,46108,323466
323535,03,03,12.874750137329102,80.2098617553711,45214920712,46118,323535
323604,03,03,12.874750137329102,80.2098617553711,45214920712,46128,323604
323682,03,03,12.874750137329102,80.2098617553711,45214920712,46139,323682
323756,03,03,12.874750137329102,80.2098617553711,45214920712,46149,323756
323828,03,03,12.874750137329102,80.2098617553711,45214920712,46159,323828
323900,03,03,12.874750137329102,80.2098617553711,45214920712,46169,323900
323972,03,03,12.874750137329102,80.2098617553711,45214920712,46179,323972
324044,03,03,12.874750137329102,80.2098617553711,45214920712,46189,324044
324115,03,03,12.874750137329102,80.2098617553711,45214920712,46199,324115
324190,03,03,12.874750137329102,80.2098617553711,45214920712,46209,324190
324260,03,03,12.874750137329102,80.2098617553711,45214920712,46219,324260
324337,03,03,12.874750137329102,80.2098617553711,45214920712,46229,324337
324415,03,03,12.874750137329102,80.2098617553711,45214920712,46240,324415
324487,03,03,12.874750137329102,80.2098617553711,45214920712,46250,324487
324557,03,03,12.874750137329102,80.2098617553711,45214920712,46260,324557
324631,03,03,12.874750137329102,80.2098617553711,45214920712,46270,324631
324702,03,03,12.874750137329102,80.2098617553711,45214920712,46280,324702
324770,03,03,12.874750137329102,80.2098617553711,45214920712,46290,324770
324844,03,03,12.874750137329102,80.2098617553711,45214920712,46300,324844
324915,03,03,12.874750137329102,80.2098617553711,45214920712,46310,324915
324990,03,03,12.874750137329102,80.2098617553711,45214920712,46320,324990
325062,03,03,12.874750137329102,80.2098617553711,45214920712,46330,325062
325135,03,03,12.874750137329102,80.2098617553711,45214920712,46340,325135
325210,03,03,12.874750137329102,80.2098617553711,45214920712,46351,325210
325280,03,03,12.874750137329102,80.2098617553711,45214920712,46361,325280
325352,03,03,12.874750137329102,80.2098617553711,45214920712,46371,325352
325424,03,03,12.874750137329102,80.2098617553711,45214920712,46381,325424
325502,03,03,12.874750137329102,80.2098617553711,45214920712,46391,325502
325572,03,03,12.874750137329102,80.2098617553711,45214920712,46401,325572
325645,03,03,12.874750137329102,80.2098617553711,45214920712,46411,325645
325719,03,03,12.874750137329102,80.2098617553711,45214920712,46421,325719
325791,03,03,12.874750137329102,80.2098617553711,45214920712,46431,325791
325866,03,03,12.874750137329102,80.2098617553711,45214920712,46441,325866
325941,03,03,12.874750137329102,80.2098617553711,45214920712,46452,325941
326013,03,03,12.874750137329102,80.2098617553711,45214920712,46462,326013
326086,03,03,12.874750137329102,80.2098617553711,45214920712,46472,326086
326157,03,03,12.87460994720459,80.2098388671875,45214920712,46482,326157
326234,03,03,12.87460994720459,80.2098388671875,45214920712,46492,326234
326307,03,03,12.87460994720459,80.2098388671875,45214920712,46502,326307
326374,03,03,12.87460994720459,80.2098388671875,45214920712,46512,326374
326448,03,03,12.87460994720459,80.2098388671875,45214920712,46522,326448
326521,03,03,12.87460994720459,80.2098388671875,45214920712,46532,326521
326595,03,03,12.87460994720459,80.2098388671875,45214920712,46542,326595
326670,03,03,12.87460994720459,80.2098388671875,45214920712,46552,326670
326744,03,03,12.87460994720459,80.2098388671875,45214920712,46563,326744
326820,03,03,12.87460994720459,80.2098388671875,45214920712,46573,326820
326891,03,03,12.87460994720459,80.2098388671875,45214920712,46583,326891
326967,03,03,12.87460994720459,80.2098388671875,45214920712,46593,326967
327040,03,03,12.87460994720459,80.2098388671875,45214920712,46603,327040
327113,03,03,12.87460994720459,80.2098388671875,45214920712,46613,327113
327186,03,03,12.87460994720459,80.2098388671875,45214920712,46623,327186
327261,03,03,12.87460994720459,80.2098388671875,45214920712,46633,327261
327336,03,03,12.87460994720459,80.2098388671875,45214920712,46643,327336
327407,03,03,12.87460994720459,80.2098388671875,45214920712,46653,327407
327485,03,03,12.87460994720459,80.2098388671875,45214920712,46664,327485
327559,03,03,12.87460994720459,80.2098388671875,45214920712,46674,327559
327636,03,03,12.87460994720459,80.2098388671875,45214920712,46684,327636
327712,03,03,12.87460994720459,80.2098388671875,45214920712,46694,327712
327784,03,03,12.87460994720459,80.2098388671875,45214920712,46704,327784
327858,03,03,12.87460994720459,80.2098388671875,45214920712,46714,327858
327931,03,03,12.87460994720459,80.2098388671875,45214920712,46724,327931
328006,03,03,12.87460994720459,80.2098388671875,45214920712,46734,328006
328078,03,03,12.87460994720459,80.2098388671875,45214920712,46744,328078
328152,03,03,12.87460994720459,80.2098388671875,45214920712,46754,328152
328221,03,03,12.87460994720459,80.2098388671875,45214920712,46764,328221
328304,03,03,12.87460994720459,80.2098388671875,45214920712,46775,328304
328376,03,03,12.87460994720459,80.2098388671875,45214920712,46785,328376
328455,03,03,12.87460994720459,80.2098388671875,45214920712,46795,328455
328527,03,03,12.87460994720459,80.2098388671875,45214920712,46805,328527
328603,03,03,12.87460994720459,80.2098388671875,45214920712,46815,328603
328674,03,03,12.87460994720459,80.2098388671875,45214920712,46825,328674
328751,03,03,12.87460994720459,80.2098388671875,45214920712,46835,328751
328818,03,03,12.87460994720459,80.2098388671875,45214920712,46845,328818
328894,03,03,12.87460994720459,80.2098388671875,45214920712,46855,328894
328965,03,03,12.87460994720459,80.2098388671875,45214920712,46865,328965
329044,03,03,12.87460994720459,80.2098388671875,45214920712,46876,329044
329123,03,03,12.87460994720459,80.2098388671875,45214920712,46886,329123
329193,03,03,12.87460994720459,80.2098388671875,45214920712,46896,329193
329267,03,03,12.87460994720459,80.2098388671875,45214920712,46906,329267
329339,03,03,12.87460994720459,80.2098388671875,45214920712,46916,329339
329414,03,03,12.87460994720459,80.2098388671875,45214920712,46926,329414
329485,03,03,12.87460994720459,80.2098388671875,45214920712,46936,329485
329560,03,03,12.87460994720459,80.2098388671875,45214920712,46946,329560
329632,03,03,12.87460994720459,80.2098388671875,45214920712,46956,329632
329708,03,03,12.87460994720459,80.2098388671875,45214920712,46966,329708
329782,03,03,12.87460994720459,80.2098388671875,45214920712,46976,329782
329856,03,03,12.87460994720459,80.2098388671875,45214920712,46987,329856
329931,03,03,12.87460994720459,80.2098388671875,45214920712,46997,329931
330003,03,03,12.87460994720459,80.2098388671875,45214920712,47007,330003
330076,03,03,12.87460994720459,80.2098388671875,45214920712,47017,330076
330149,03,03,12.87460994720459,80.2098388671875,45214920712,47027,330149
330222,03,03,12.87460994720459,80.2098388671875,45214920712,47037,330222
330296,03,03,12.87460994720459,80.2098388671875,45214920712,47047,330296
330371,03,03,12.87460994720459,80.2098388671875,45214920712,47057,330371
330445,03,03,12.87460994720459,80.2098388671875,45214920712,47067,330445
330519,03,03,12.874670028686523,80.2099609375,45214920712,47077,330519
330597,03,03,12.874670028686523,80.21009063720703,45214920712,47088,330597
330671,03,03,12.874879837036133,80.2101821899414,45214920712,47098,330671
330743,03,03,12.875370025634766,80.21025848388672,45214920712,47108,330743
330816,03,03,12.875679969787598,80.21031188964844,45214920712,47118,330816
330892,03,03,12.87621021270752,80.21041107177734,45214920712,47128,330892
330965,03,03,12.876919746398926,80.2105484008789,45214920712,47138,330965
331036,03,03,12.877619743347168,80.21067810058594,45214920712,47148,331036
331107,03,03,12.87837028503418,80.21082305908203,45214920712,47158,331107
331181,03,03,12.8789701461792,80.21092224121094,45214920712,47168,331181
331257,03,03,12.879210472106934,80.21096801757812,45214920712,47178,331257
331331,03,03,12.879210472106934,80.21096801757812,45214920712,47189,331331
331404,03,03,12.879400253295898,80.21109008789062,45214920712,47199,331404
331482,03,03,12.879400253295898,80.21154022216797,45214920712,47209,331482
331551,03,03,12.87926959991455,80.2122573852539,45214920712,47219,331551
331629,03,03,12.879110336303711,80.21309661865234,45214920712,47229,331629
331701,03,03,12.878939628601074,80.2140121459961,45214920712,47239,331701
331773,03,03,12.87876033782959,80.2149429321289,45214920712,47249,331773
331846,03,03,12.878580093383789,80.21576690673828,45214920712,47259,331846
331919,03,03,12.878399848937988,80.21659851074219,45214920712,47269,331919
331991,03,03,12.878219604492188,80.21755981445312,45214920712,47279,331991
332066,03,03,12.878020286560059,80.21853637695312,45214920712,47289,332066
332144,03,03,12.877779960632324,80.21961212158203,45214920712,47300,332144
332215,03,03,12.87753963470459,80.22062683105469,45214920712,47310,332215
332290,03,03,12.877300262451172,80.2217025756836,45214920712,47320,332290
332362,03,03,12.877039909362793,80.22279357910156,45214920712,47330,332362
332436,03,03,12.876799583435059,80.22384643554688,45214920712,47340,332436
332506,03,03,12.876640319824219,80.22492980957031,45214920712,47350,332506
332580,03,03,12.876540184020996,80.22589874267578,45214920712,47360,332580
332653,03,03,12.876440048217773,80.22653198242188,45214920712,47370,332653
332729,03,03,12.876440048217773,80.22682189941406,45214920712,47380,332729
332803,03,03,12.876440048217773,80.22682189941406,45214920712,47390,332803
332879,03,03,12.876440048217773,80.22682189941406,45214920712,47401,332879
332952,03,03,12.876660346984863,80.22689056396484,45214920712,47411,332952
333026,03,03,12.876720428466797,80.22688293457031,45214920712,47421,333026
333103,03,03,12.877059936523438,80.22683715820312,45214920712,47431,333103
333173,03,03,12.877820014953613,80.22676849365234,45214920712,47441,333173
333249,03,03,12.878800392150879,80.22669982910156,45214920712,47451,333249
333320,03,03,12.87992000579834,80.22664642333984,45214920712,47461,333320
333394,03,03,12.881119728088379,80.22663879394531,45214920712,47471,333394
333470,03,03,12.882349967956543,80.22662353515625,45214920712,47481,333470
333542,03,03,12.883609771728516,80.22660064697266,45214920712,47491,333542
333619,03,03,12.884699821472168,80.22657775878906,45214920712,47502,333619
333693,03,03,12.885160446166992,80.22660064697266,45214920712,47512,333693
333764,03,03,12.88521957397461,80.22660827636719,45214920712,47522,333764
333837,03,03,12.885680198669434,80.22669982910156,45214920712,47532,333837
333911,03,03,12.886460304260254,80.22691345214844,45214920712,47542,333911
333985,03,03,12.887399673461914,80.22712707519531,45214920712,47552,333985
334060,03,03,12.888319969177246,80.22721099853516,45214920712,47562,334060
334133,03,03,12.888460159301758,80.22721862792969,45214920712,47572,334133
334205,03,03,12.888799667358398,80.22724151611328,45214920712,47582,334205
334281,03,03,12.889530181884766,80.22724151611328,45214920712,47592,334281
334354,03,03,12.89048957824707,80.22724151611328,45214920712,47602,334354
334428,03,03,12.891579627990723,80.22722625732422,45214920712,47613,334428
334505,03,03,12.892200469970703,80.22724151611328,45214920712,47623,334505
334577,03,03,12.892820358276367,80.22730255126953,45214920712,47633,334577
334653,03,03,12.893600463867188,80.22740936279297,45214920712,47643,334653
334726,03,03,12.893959999084473,80.2274398803711,45214920712,47653,334726
334797,03,03,12.894020080566406,80.22744750976562,45214920712,47663,334797
334873,03,03,12.894499778747559,80.22750091552734,45214920712,47673,334873
334947,03,03,12.895330429077148,80.22754669189453,45214920712,47683,334947
335018,03,03,12.896289825439453,80.22760009765625,45214920712,47693,335018
335090,03,03,12.897359848022461,80.2276611328125,45214920712,47703,335090
335161,03,03,12.898639678955078,80.22772216796875,45214920712,47713,335161
335235,03,03,12.899970054626465,80.2277603149414,45214920712,47724,335235
335308,03,03,12.900429725646973,80.22772979736328,45214920712,47734,335308
335382,03,03,12.900460243225098,80.22772979736328,45214920712,47744,335382
335454,03,03,12.900460243225098,80.22772979736328,45214920712,47754,335454
335527,03,03,12.900460243225098,80.22772979736328,45214920712,47764,335527
335600,03,03,12.900460243225098,80.22772979736328,45214920712,47774,335600
335675,03,03,12.900460243225098,80.22772979736328,45214920712,47784,335675
335751,03,03,12.900460243225098,80.22772979736328,45214920712,47794,335751
335823,03,03,12.900460243225098,80.22772979736328,45214920712,47804,335823
335894,03,03,12.900460243225098,80.22772979736328,45214920712,47814,335894
335973,03,03,12.900460243225098,80.22772979736328,45214920712,47825,335973
336042,03,03,12.900460243225098,80.22772979736328,45214920712,47835,336042
336167,03,03,12.900460243225098,80.22772979736328,45214920712,47851,336167
336256,03,03,12.900580406188965,80.22773742675781,45214920712,47863,336256
336327,03,03,12.900750160217285,80.22775268554688,45214920712,47873,336327
336393,03,03,12.901069641113281,80.22779083251953,45214920712,47883,336393
336460,03,03,12.901479721069336,80.22782897949219,45214920712,47892,336460
336549,03,03,12.902250289916992,80.22786712646484,45214920712,47904,336549
336627,03,03,12.902259826660156,80.22786712646484,45214920712,47915,336627
336715,03,03,12.902649879455566,80.2278823852539,45214920712,47927,336715
336786,03,03,12.902839660644531,80.22789764404297,45214920712,47937,336786
336850,03,03,12.903289794921875,80.22794342041016,45214920712,47946,336850
336926,03,03,12.904120445251465,80.22798919677734,45214920712,47957,336926
337004,03,03,12.905289649963379,80.2280502319336,45214920712,47967,337004
337074,03,03,12.905770301818848,80.22805786132812,45214920712,47977,337074
337145,03,03,12.905770301818848,80.22805786132812,45214920712,47987,337145
337219,03,03,12.905770301818848,80.22805786132812,45214920712,47997,337219
337287,03,03,12.905960083007812,80.2280502319336,45214920712,48007,337287
337364,03,03,12.905989646911621,80.2280502319336,45214920712,48017,337364
337436,03,03,12.906060218811035,80.2280502319336,45214920712,48027,337436
337512,03,03,12.906220436096191,80.22804260253906,45214920712,48038,337512
337586,03,03,12.906279563903809,80.22801971435547,45214920712,48048,337586
337654,03,03,12.906279563903809,80.22801971435547,45214920712,48058,337654
337729,03,03,12.906279563903809,80.22801971435547,45214920712,48068,337729
337800,03,03,12.906279563903809,80.22801971435547,45214920712,48078,337800
337874,03,03,12.906310081481934,80.22798156738281,45214920712,48088,337874
337944,03,03,12.906769752502441,80.22805786132812,45214920712,48098,337944
338017,03,03,12.90764045715332,80.22821044921875,45214920712,48108,338017
338090,03,03,12.908740043640137,80.2284164428711,45214920712,48118,338090
338154,03,03,12.909919738769531,80.22862243652344,45214920712,48127,338154
338235,03,03,12.911620140075684,80.22888946533203,45214920712,48139,338235
338308,03,03,12.913069725036621,80.22908782958984,45214920712,48149,338308
338380,03,03,12.913949966430664,80.22920989990234,45214920712,48159,338380
338460,03,03,12.913969993591309,80.22920227050781,45214920712,48169,338460
338533,03,03,12.914299964904785,80.22924041748047,45214920712,48179,338533
338599,03,03,12.914999961853027,80.22933959960938,45214920712,48189,338599
338679,03,03,12.915989875793457,80.22949981689453,45214920712,48199,338679
338750,03,03,12.917160034179688,80.22966766357422,45214920712,48209,338750
338824,03,03,12.918379783630371,80.22985076904297,45214920712,48219,338824
338895,03,03,12.919670104980469,80.23001098632812,45214920712,48229,338895
338969,03,03,12.921059608459473,80.23017883300781,45214920712,48239,338969
339050,03,03,12.922659873962402,80.23040771484375,45214920712,48250,339050
339168,03,03,12.925009727478027,80.23076629638672,45214920712,48266,339168
339252,03,03,12.926469802856445,80.23088073730469,45214920712,48278,339252
339324,03,03,12.92665958404541,80.23091888427734,45214920712,48288,339324
339393,03,03,12.927200317382812,80.2309799194336,45214920712,48297,339393
339469,03,03,12.928210258483887,80.2311019897461,45214920712,48308,339469
339537,03,03,12.92920970916748,80.2313003540039,45214920712,48318,339537
339611,03,03,12.930159568786621,80.23152160644531,45214920712,48328,339611
339685,03,03,12.931340217590332,80.23187255859375,45214920712,48338,339685
339766,03,03,12.932740211486816,80.23233795166016,45214920712,48349,339766
339835,03,03,12.933589935302734,80.2326889038086,45214920712,48359,339835
339908,03,03,12.933710098266602,80.23274230957031,45214920712,48369,339908
339982,03,03,12.93416976928711,80.23294830322266,45214920712,48379,339982
340063,03,03,12.934809684753418,80.23323822021484,45214920712,48389,340063
340138,03,03,12.936059951782227,80.23381805419922,45214920712,48399,340138
340212,03,03,12.937259674072266,80.23442077636719,45214920712,48409,340212
340285,03,03,12.938529968261719,80.23503112792969,45214920712,48419,340285
340360,03,03,12.939599990844727,80.2355728149414,45214920712,48429,340360
340436,03,03,12.93988037109375,80.23567962646484,45214920712,48439,340436
340512,03,03,12.94044017791748,80.23587036132812,45214920712,48450,340512
340588,03,03,12.941320419311523,80.23609924316406,45214920712,48460,340588
340663,03,03,12.942440032958984,80.23641967773438,45214920712,48470,340663
340737,03,03,12.943460464477539,80.2370834350586,45214920712,48480,340737
340816,03,03,12.944140434265137,80.23782348632812,45214920712,48490,340816
340820,03,03,12.944140434265137,80.23782348632812,45214920712,48490,340820
340893,03,03,12.944849967956543,80.23860168457031,45214920712,48500,340893
340967,03,03,12.945830345153809,80.23937225341797,45214920712,48510,340967
341042,03,03,12.94711971282959,80.23992156982422,45214920712,48520,341042
341116,03,03,12.947759628295898,80.24012756347656,45214920712,48530,341116
341192,03,03,12.947930335998535,80.24019622802734,45214920712,48540,341192
341266,03,03,12.94851016998291,80.24044036865234,45214920712,48550,341266
341345,03,03,12.948740005493164,80.24053192138672,45214920712,48562,341345
341420,03,03,12.94888973236084,80.24060821533203,45214920712,48572,341420
341492,03,03,12.949319839477539,80.24079132080078,45214920712,48582,341492
341564,03,03,12.950019836425781,80.24102020263672,45214920712,48591,341564
341638,03,03,12.95106029510498,80.24137878417969,45214920712,48601,341638
341715,03,03,12.952400207519531,80.24183654785156,45214920712,48612,341715
341790,03,03,12.953579902648926,80.2423095703125,45214920712,48622,341790
341866,03,03,12.95464038848877,80.24273681640625,45214920712,48632,341866
341939,03,03,12.955459594726562,80.24305725097656,45214920712,48642,341939
342012,03,03,12.956279754638672,80.24336242675781,45214920712,48652,342012
342089,03,03,12.95635986328125,80.24339294433594,45214920712,48663,342089
342163,03,03,12.956830024719238,80.24356079101562,45214920712,48673,342163
342236,03,03,12.957619667053223,80.243896484375,45214920712,48683,342236
342313,03,03,12.958069801330566,80.24407958984375,45214920712,48693,342313
342381,03,03,12.958760261535645,80.24433898925781,45214920712,48703,342381
342457,03,03,12.958900451660156,80.24440002441406,45214920712,48713,342457
342533,03,03,12.959329605102539,80.24462890625,45214920712,48723,342533
342605,03,03,12.960129737854004,80.2450180053711,45214920712,48733,342605
342680,03,03,12.961139678955078,80.24549102783203,45214920712,48743,342680
342757,03,03,12.962300300598145,80.24606323242188,45214920712,48753,342757
342830,03,03,12.963179588317871,80.24649810791016,45214920712,48764,342830
342905,03,03,12.963279724121094,80.2465591430664,45214920712,48774,342905
342982,03,03,12.963279724121094,80.2465591430664,45214920712,48784,342982
343054,03,03,12.963459968566895,80.24662780761719,45214920712,48794,343054
343130,03,03,12.964099884033203,80.24690246582031,45214920712,48804,343130
343205,03,03,12.96500015258789,80.24722290039062,45214920712,48814,343205
343277,03,03,12.966130256652832,80.24761199951172,45214920712,48824,343277
343349,03,03,12.966859817504883,80.2479019165039,45214920712,48834,343349
343420,03,03,12.966899871826172,80.24794006347656,45214920712,48844,343420
343496,03,03,12.967069625854492,80.248046875,45214920712,48854,343496
343572,03,03,12.967659950256348,80.24830627441406,45214920712,48864,343572
343648,03,03,12.968640327453613,80.24870300292969,45214920712,48875,343648
343722,03,03,12.969799995422363,80.2491683959961,45214920712,48885,343722
343797,03,03,12.971150398254395,80.24964141845703,45214920712,48895,343797
343869,03,03,12.972570419311523,80.25003051757812,45214920712,48905,343869
343946,03,03,12.973870277404785,80.25032806396484,45214920712,48915,343946
344021,03,03,12.974349975585938,80.25044250488281,45214920712,48925,344021
344090,03,03,12.974650382995605,80.25054168701172,45214920712,48935,344090
344161,03,03,12.975299835205078,80.25076293945312,45214920712,48944,344161
344234,03,03,12.976300239562988,80.25105285644531,45214920712,48954,344234
344311,03,03,12.977569580078125,80.2516098022461,45214920712,48965,344311
344391,03,03,12.978710174560547,80.25243377685547,45214920712,48976,344391
344465,03,03,12.97953987121582,80.25253295898438,45214920712,48986,344465
344539,03,03,12.979889869689941,80.25234985351562,45214920712,48996,344539
344611,03,03,12.979900360107422,80.2522964477539,45214920712,49006,344611
344683,03,03,12.979960441589355,80.25196075439453,45214920712,49016,344683
344763,03,03,12.98013973236084,80.25137329101562,45214920712,49026,344763
344834,03,03,12.980420112609863,80.25044250488281,45214920712,49036,344834
344909,03,03,12.980680465698242,80.24923706054688,45214920712,49046,344909
344984,03,03,12.980779647827148,80.24796295166016,45214920712,49056,344984
345059,03,03,12.980859756469727,80.2466812133789,45214920712,49066,345059
345133,03,03,12.981010437011719,80.24530792236328,45214920712,49076,345133
345214,03,03,12.981149673461914,80.24404907226562,45214920712,49087,345214
345290,03,03,12.981280326843262,80.24356842041016,45214920712,49097,345290
345364,03,03,12.981329917907715,80.24308776855469,45214920712,49107,345364
345437,03,03,12.98132038116455,80.2427978515625,45214920712,49117,345437
345513,03,03,12.98130989074707,80.24263763427734,45214920712,49127,345513
345587,03,03,12.98130989074707,80.24217987060547,45214920712,49137,345587
345657,03,03,12.98130989074707,80.24140930175781,45214920712,49147,345657
345784,03,03,12.981300354003906,80.23992919921875,45214920712,49164,345784
345875,03,03,12.981280326843262,80.23963165283203,45214920712,49176,345875
345946,03,03,12.981269836425781,80.23918151855469,45214920712,49185,345946
346030,03,03,12.981249809265137,80.23834991455078,45214920712,49197,346030
346105,03,03,12.981240272521973,80.23782348632812,45214920712,49207,346105
346176,03,03,12.981220245361328,80.23722839355469,45214920712,49217,346176
346249,03,03,12.981200218200684,80.23658752441406,45214920712,49227,346249
346317,03,03,12.981189727783203,80.23634338378906,45214920712,49235,346317
346399,03,03,12.981189727783203,80.2362289428711,45214920712,49247,346399
346466,03,03,12.981180191040039,80.23587799072266,45214920712,49256,346466
346544,03,03,12.981189727783203,80.2357406616211,45214920712,49266,346544
346620,03,03,12.981180191040039,80.2354965209961,45214920712,49277,346620
346695,03,03,12.981180191040039,80.23548126220703,45214920712,49287,346695
346770,03,03,12.981160163879395,80.23533630371094,45214920712,49298,346770
346847,03,03,12.981160163879395,80.23516082763672,45214920712,49308,346847
346919,03,03,12.981169700622559,80.23486328125,45214920712,49318,346919
346996,03,03,12.981160163879395,80.23457336425781,45214920712,49328,346996
347068,03,03,12.981200218200684,80.23419952392578,45214920712,49338,347068
347142,03,03,12.981329917907715,80.23384857177734,45214920712,49348,347142
347216,03,03,12.981369972229004,80.23380279541016,45214920712,49358,347216
347292,03,03,12.981470108032227,80.23359680175781,45214920712,49368,347292
347368,03,03,12.981470108032227,80.23359680175781,45214920712,49378,347368
347442,03,03,12.981590270996094,80.2332763671875,45214920712,49388,347442
347518,03,03,12.981760025024414,80.23294067382812,45214920712,49399,347518
347597,03,03,12.981780052185059,80.23290252685547,45214920712,49409,347597
347669,03,03,12.981849670410156,80.23274230957031,45214920712,49419,347669
347742,03,03,12.98192024230957,80.23258209228516,45214920712,49429,347742
347820,03,03,12.98192024230957,80.23258209228516,45214920712,49439,347820
347891,03,03,12.98192024230957,80.23258209228516,45214920712,49449,347891
347965,03,03,12.981969833374023,80.23224639892578,45214920712,49459,347965
348040,03,03,12.981949806213379,80.23190307617188,45214920712,49469,348040
348114,03,03,12.981929779052734,80.23149108886719,45214920712,49479,348114
348190,03,03,12.981860160827637,80.23114013671875,45214920712,49489,348190
348267,03,03,12.981610298156738,80.2305679321289,45214920712,49500,348267
348343,03,03,12.981200218200684,80.22991943359375,45214920712,49510,348343
348417,03,03,12.98097038269043,80.22953796386719,45214920712,49520,348417
348491,03,03,12.980779647827148,80.22918701171875,45214920712,49530,348491
348565,03,03,12.980520248413086,80.22872924804688,45214920712,49540,348565
348640,03,03,12.980179786682129,80.2281494140625,45214920712,49550,348640
348716,03,03,12.98013973236084,80.22808074951172,45214920712,49560,348716
348791,03,03,12.97996997833252,80.22779846191406,45214920712,49570,348791
348862,03,03,12.97959041595459,80.22718811035156,45214920712,49580,348862
348937,03,03,12.979169845581055,80.22650146484375,45214920712,49590,348937
349011,03,03,12.978719711303711,80.22575378417969,45214920712,49600,349011
349088,03,03,12.978300094604492,80.22505950927734,45214920712,49611,349088
349160,03,03,12.978099822998047,80.22471618652344,45214920712,49621,349160
349236,03,03,12.977959632873535,80.2244873046875,45214920712,49631,349236
349305,03,03,12.977669715881348,80.22405242919922,45214920712,49641,349305
349380,03,03,12.97719955444336,80.22328186035156,45214920712,49651,349380
349453,03,03,12.976920127868652,80.2227783203125,45214920712,49661,349453
349524,03,03,12.977219581604004,80.22265625,45214920712,49671,349524
349597,03,03,12.977439880371094,80.22260284423828,45214920712,49681,349597
349673,03,03,12.977459907531738,80.22203826904297,45214920712,49691,349673
349745,03,03,12.97743034362793,80.22132110595703,45214920712,49701,349745
349825,03,03,12.977519989013672,80.22119903564453,45214920712,49712,349825
349898,03,03,12.97793960571289,80.22119140625,45214920712,49722,349898
349975,03,03,12.978779792785645,80.22112274169922,45214920712,49732,349975
350047,03,03,12.97970962524414,80.2210464477539,45214920712,49742,350047
350121,03,03,12.980340003967285,80.22100830078125,45214920712,49752,350121
350198,03,03,12.98108959197998,80.22106170654297,45214920712,49762,350198
350268,03,03,12.981730461120605,80.22138977050781,45214920712,49772,350268
350343,03,03,12.9822998046875,80.22174072265625,45214920712,49782,350343
350417,03,03,12.982680320739746,80.22186279296875,45214920712,49792,350417
350490,03,03,12.982959747314453,80.22196197509766,45214920712,49802,350490
350568,03,03,12.98324966430664,80.22213745117188,45214920712,49813,350568
350640,03,03,12.983489990234375,80.22232055664062,45214920712,49823,350640
350712,03,03,12.983779907226562,80.22250366210938,45214920712,49833,350712
350789,03,03,12.984259605407715,80.2227783203125,45214920712,49843,350789
350859,03,03,12.984740257263184,80.22309112548828,45214920712,49853,350859
350932,03,03,12.98528003692627,80.22325897216797,45214920712,49863,350932
351008,03,03,12.985560417175293,80.22309112548828,45214920712,49873,351008
351080,03,03,12.98583984375,80.22295379638672,45214920712,49883,351080
351151,03,03,12.986069679260254,80.22293853759766,45214920712,49893,351151
351226,03,03,12.986200332641602,80.22293090820312,45214920712,49903,351226
351298,03,03,12.98639965057373,80.2229232788086,45214920712,49913,351298
351377,03,03,12.986559867858887,80.22293090820312,45214920712,49924,351377
351455,03,03,12.986559867858887,80.22293090820312,45214920712,49934,351455
351529,03,03,12.98684024810791,80.22296905517578,45214920712,49944,351529
351606,03,03,12.987139701843262,80.2230224609375,45214920712,49953,351606
351685,03,03,12.987739562988281,80.2229995727539,45214920712,49964,351685
351749,03,03,12.988260269165039,80.2226333618164,45214920712,49973,351749
351829,03,03,12.988739967346191,80.22218322753906,45214920712,49984,351829
351904,03,03,12.9891996383667,80.22164916992188,45214920712,49994,351904
351978,03,03,12.989720344543457,80.22100067138672,45214920712,50004,351978
352054,03,03,12.990189552307129,80.22052764892578,45214920712,50014,352054
352134,03,03,12.990400314331055,80.22039031982422,45214920712,50025,352134
352208,03,03,12.990460395812988,80.2203369140625,45214920712,50035,352208
352283,03,03,12.990799903869629,80.22006225585938,45214920712,50045,352283
352361,03,03,12.991379737854004,80.21959686279297,45214920712,50055,352361
352432,03,03,12.992030143737793,80.2191390991211,45214920712,50065,352432
352503,03,03,12.992839813232422,80.21855926513672,45214920712,50075,352503
352578,03,03,12.993450164794922,80.21807861328125,45214920712,50085,352578
352658,03,03,12.993969917297363,80.21769714355469,45214920712,50096,352658
352732,03,03,12.994429588317871,80.21739959716797,45214920712,50106,352732
352805,03,03,12.994770050048828,80.2171401977539,45214920712,50116,352805
352880,03,03,12.994950294494629,80.2170181274414,45214920712,50126,352880
352959,03,03,12.995579719543457,80.2166976928711,45214920712,50137,352959
353037,03,03,12.996379852294922,80.21653747558594,45214920712,50147,353037
353106,03,03,12.99705982208252,80.2164535522461,45214920712,50157,353106
353185,03,03,12.997420310974121,80.21614837646484,45214920712,50167,353185
353255,03,03,12.997540473937988,80.21604919433594,45214920712,50177,353255
353333,03,03,12.997859954833984,80.2157974243164,45214920712,50187,353333
353402,03,03,12.99845027923584,80.21527862548828,45214920712,50197,353402
353480,03,03,12.999110221862793,80.21473693847656,45214920712,50207,353480
353556,03,03,12.999420166015625,80.21444702148438,45214920712,50217,353556
353631,03,03,12.999939918518066,80.21399688720703,45214920712,50227,353631
353719,03,03,13.000650405883789,80.21336364746094,45214920712,50238,353719
353790,03,03,13.001139640808105,80.21298217773438,45214920712,50248,353790
353863,03,03,13.001660346984863,80.21260070800781,45214920712,50258,353863
353936,03,03,13.002209663391113,80.2122573852539,45214920712,50268,353936
354008,03,03,13.002969741821289,80.21208190917969,45214920712,50278,354008
354080,03,03,13.003600120544434,80.21195983886719,45214920712,50288,354080
354154,03,03,13.003669738769531,80.21174621582031,45214920712,50298,354154
354228,03,03,13.003640174865723,80.21106719970703,45214920712,50308,354228
354302,03,03,13.003549575805664,80.21021270751953,45214920712,50318,354302
354374,03,03,13.003560066223145,80.20929718017578,45214920712,50328,354374
354457,03,03,13.004050254821777,80.2086181640625,45214920712,50339,354457
354525,03,03,13.005020141601562,80.20906066894531,45214920712,50349,354525
354601,03,03,13.005629539489746,80.20932006835938,45214920712,50359,354601
354676,03,03,13.005840301513672,80.20939636230469,45214920712,50369,354676
354747,03,03,13.0060396194458,80.20945739746094,45214920712,50379,354747
354821,03,03,13.006219863891602,80.20951843261719,45214920712,50389,354821
354896,03,03,13.006239891052246,80.20953369140625,45214920712,50399,354896
354973,03,03,13.006239891052246,80.20953369140625,45214920712,50409,354973
355042,03,03,13.006239891052246,80.20953369140625,45214920712,50419,355042
355118,03,03,13.006420135498047,80.20958709716797,45214920712,50429,355118
355188,03,03,13.006999969482422,80.2097396850586,45214920712,50439,355188
355276,03,03,13.00741958618164,80.20983123779297,45214920712,50450,355276
355345,03,03,13.00741958618164,80.20983123779297,45214920712,50460,355345
355417,03,03,13.007670402526855,80.20987701416016,45214920712,50470,355417
355491,03,03,13.00802993774414,80.2099609375,45214920712,50480,355491
355569,03,03,13.008090019226074,80.20954132080078,45214920712,50490,355569
355642,03,03,13.007940292358398,80.20880126953125,45214920712,50500,355642
355714,03,03,13.007800102233887,80.20777130126953,45214920712,50510,355714
355789,03,03,13.007610321044922,80.20668029785156,45214920712,50520,355789
355862,03,03,13.007519721984863,80.20568084716797,45214920712,50530,355862
355935,03,03,13.007499694824219,80.20467376708984,45214920712,50540,355935
356012,03,03,13.00741958618164,80.20368194580078,45214920712,50551,356012
356084,03,03,13.007200241088867,80.20268249511719,45214920712,50561,356084
356158,03,03,13.006540298461914,80.20275115966797,45214920712,50570,356158
356238,03,03,13.0068998336792,80.20337677001953,45214920712,50581,356238
356310,03,03,13.007889747619629,80.20368194580078,45214920712,50591,356310
356386,03,03,13.009099960327148,80.20364379882812,45214920712,50601,356386
356460,03,03,13.01041030883789,80.20359802246094,45214920712,50611,356460
356536,03,03,13.011699676513672,80.2037124633789,45214920712,50621,356536
356609,03,03,13.01294994354248,80.20394897460938,45214920712,50631,356609
356683,03,03,13.013699531555176,80.20427703857422,45214920712,50641,356683
356759,03,03,13.013660430908203,80.20446014404297,45214920712,50652,356759
356834,03,03,13.013500213623047,80.20491027832031,45214920712,50662,356834
356914,03,03,13.013259887695312,80.20572662353516,45214920712,50672,356914
356986,03,03,13.013050079345703,80.2068099975586,45214920712,50682,356986
357054,03,03,13.01294994354248,80.20767211914062,45214920712,50692,357054
357131,03,03,13.012889862060547,80.20802307128906,45214920712,50702,357131
357204,03,03,13.012909889221191,80.20845031738281,45214920712,50712,357204
357276,03,03,13.012980461120605,80.20893096923828,45214920712,50722,357276
357354,03,03,13.0131196975708,80.20948791503906,45214920712,50732,357354
357427,03,03,13.013190269470215,80.2098617553711,45214920712,50742,357427
357510,03,03,13.013090133666992,80.21063232421875,45214920712,50753,357510
357580,03,03,13.012760162353516,80.21144104003906,45214920712,50763,357580
357660,03,03,13.01255989074707,80.21179962158203,45214920712,50773,357660
357732,03,03,13.01220989227295,80.21238708496094,45214920712,50783,357732
357815,03,03,13.011859893798828,80.21283721923828,45214920712,50793,357815
357881,03,03,13.01161003112793,80.21270751953125,45214920712,50803,357881
357958,03,03,13.011170387268066,80.21235656738281,45214920712,50813,357958
358031,03,03,13.010880470275879,80.212158203125,45214920712,50823,358031
358107,03,03,13.01084041595459,80.21214294433594,45214920712,50833,358107
358184,03,03,13.010700225830078,80.21202850341797,45214920712,50843,358184
358260,03,03,13.01045036315918,80.21183776855469,45214920712,50853,358260
358336,03,03,13.010299682617188,80.21173858642578,45214920712,50864,358336
358414,03,03,13.010299682617188,80.21173858642578,45214920712,50874,358414
358493,03,03,13.010299682617188,80.21173858642578,45214920712,50884,358493
358566,03,03,13.010299682617188,80.21173858642578,45214920712,50894,358566
358635,03,03,13.010299682617188,80.21173858642578,45214920712,50904,358635
358718,03,03,13.010160446166992,80.21166229248047,45214920712,50914,358718
358792,03,03,13.010160446166992,80.21166229248047,45214920712,50924,358792
358860,03,03,13.010160446166992,80.21166229248047,45214920712,50934,358860
358940,03,03,13.010160446166992,80.21166229248047,45214920712,50944,358940
359014,03,03,13.010160446166992,80.21166229248047,45214920712,50954,359014
359094,03,03,13.010160446166992,80.21166229248047,45214920712,50965,359094
359168,03,03,13.010160446166992,80.21166229248047,45214920712,50975,359168
359241,03,03,13.010160446166992,80.21166229248047,45214920712,50985,359241
359319,03,03,13.010160446166992,80.21166229248047,45214920712,50995,359319
359389,03,03,13.010100364685059,80.21156311035156,45214920712,51005,359389
359466,03,03,13.009889602661133,80.2114028930664,45214920712,51015,359466
359544,03,03,13.009770393371582,80.21131896972656,45214920712,51025,359544
359614,03,03,13.009750366210938,80.2113037109375,45214920712,51035,359614
359686,03,03,13.009750366210938,80.2113037109375,45214920712,51045,359686
359765,03,03,13.009750366210938,80.2113037109375,45214920712,51055,359765
359838,03,03,13.009750366210938,80.2113037109375,45214920712,51065,359838
359918,03,03,13.009750366210938,80.2113037109375,45214920712,51076,359918
359990,03,03,13.009519577026367,80.2110366821289,45214920712,51086,359990
360064,03,03,13.009490013122559,80.21102905273438,45214920712,51096,360064
360139,03,03,13.009340286254883,80.2110366821289,45214920712,51106,360139
360213,03,03,13.00918960571289,80.21125030517578,45214920712,51116,360213
360289,03,03,13.00905990600586,80.21141052246094,45214920712,51126,360289
360367,03,03,13.00905990600586,80.21172332763672,45214920712,51136,360367
360441,03,03,13.00924015045166,80.21231079101562,45214920712,51146,360441
360517,03,03,13.009499549865723,80.21304321289062,45214920712,51156,360517
360592,03,03,13.009770393371582,80.21372985839844,45214920712,51166,360592
360676,03,03,13.010140419006348,80.2146987915039,45214920712,51177,360676
360745,03,03,13.01021957397461,80.2154312133789,45214920712,51187,360745
360819,03,03,13.010390281677246,80.21601867675781,45214920712,51197,360819
360894,03,03,13.010780334472656,80.21681213378906,45214920712,51207,360894
360969,03,03,13.011260032653809,80.21784210205078,45214920712,51217,360969
361042,03,03,13.011590003967285,80.21875762939453,45214920712,51227,361042
361121,03,03,13.011919975280762,80.21971130371094,45214920712,51237,361121
361195,03,03,13.012240409851074,80.22071838378906,45214920712,51247,361195
361267,03,03,13.012399673461914,80.22145080566406,45214920712,51256,361267
361338,03,03,13.01272964477539,80.2219467163086,45214920712,51266,361338
361413,03,03,13.013179779052734,80.22248840332031,45214920712,51277,361413
361491,03,03,13.01375961303711,80.22315216064453,45214920712,51288,361491
361562,03,03,13.014260292053223,80.22373962402344,45214920712,51298,361562
361637,03,03,13.014869689941406,80.22441101074219,45214920712,51308,361637
361716,03,03,13.015410423278809,80.22512817382812,45214920712,51318,361716
361788,03,03,13.015390396118164,80.22567749023438,45214920712,51328,361788
361867,03,03,13.01488971710205,80.22596740722656,45214920712,51338,361867
361943,03,03,13.014189720153809,80.22624206542969,45214920712,51348,361943
362017,03,03,13.01333999633789,80.22657012939453,45214920712,51358,362017
362088,03,03,13.012350082397461,80.22695922851562,45214920712,51368,362088
362158,03,03,13.011289596557617,80.22737121582031,45214920712,51378,362158
362233,03,03,13.010149955749512,80.22781372070312,45214920712,51389,362233
362312,03,03,13.009550094604492,80.22779846191406,45214920712,51399,362312
362377,03,03,13.009650230407715,80.2272720336914,45214920712,51409,362377
362454,03,03,13.009920120239258,80.22669982910156,45214920712,51419,362454
362528,03,03,13.010279655456543,80.22592163085938,45214920712,51429,362528
362598,03,03,13.01060962677002,80.22512817382812,45214920712,51439,362598
362672,03,03,13.010950088500977,80.22431945800781,45214920712,51449,362672
362746,03,03,13.011130332946777,80.22382354736328,45214920712,51459,362746
362817,03,03,13.011159896850586,80.22371673583984,45214920712,51469,362817
362891,03,03,13.01121997833252,80.22351837158203,45214920712,51479,362891
362972,03,03,13.011099815368652,80.22306823730469,45214920712,51490,362972
363045,03,03,13.010479927062988,80.22276306152344,45214920712,51500,363045
363114,03,03,13.010370254516602,80.22270965576172,45214920712,51510,363114
363190,03,03,13.010180473327637,80.22260284423828,45214920712,51520,363190
363264,03,03,13.00967025756836,80.22234344482422,45214920712,51530,363264
363337,03,03,13.008939743041992,80.2219467163086,45214920712,51540,363337
363408,03,03,13.008060455322266,80.22147369384766,45214920712,51550,363408
363484,03,03,13.007120132446289,80.22097778320312,45214920712,51560,363484
363553,03,03,13.006159782409668,80.22058868408203,45214920712,51570,363553
363623,03,03,13.005120277404785,80.2203598022461,45214920712,51580,363623
363699,03,03,13.004579544067383,80.2202377319336,45214920712,51590,363699
363778,03,03,13.004380226135254,80.22019958496094,45214920712,51601,363778
363846,03,03,13.003780364990234,80.22004699707031,45214920712,51611,363846
363923,03,03,13.00294017791748,80.21981048583984,45214920712,51621,363923
363992,03,03,13.002079963684082,80.2191390991211,45214920712,51631,363992
364070,03,03,13.001319885253906,80.21842193603516,45214920712,51641,364070
364140,03,03,13.000579833984375,80.21794128417969,45214920712,51651,364140
364215,03,03,13.0,80.21758270263672,45214920712,51661,364215
364288,03,03,12.999420166015625,80.21723937988281,45214920712,51671,364288
364358,03,03,12.99862003326416,80.21682739257812,45214920712,51681,364358
364429,03,03,12.997759819030762,80.21656799316406,45214920712,51691,364429
364507,03,03,12.997480392456055,80.21653747558594,45214920712,51702,364507
364577,03,03,12.997400283813477,80.21652221679688,45214920712,51712,364577
364651,03,03,12.996939659118652,80.21653747558594,45214920712,51722,364651
364725,03,03,12.996500015258789,80.21658325195312,45214920712,51732,364725
364801,03,03,12.996230125427246,80.21663665771484,45214920712,51742,364801
364873,03,03,12.996040344238281,80.21668243408203,45214920712,51752,364873
364950,03,03,12.995820045471191,80.21675109863281,45214920712,51762,364950
365018,03,03,12.995650291442871,80.216796875,45214920712,51772,365018
365089,03,03,12.99551010131836,80.21685028076172,45214920712,51782,365089
365158,03,03,12.995320320129395,80.2169418334961,45214920712,51792,365158
365232,03,03,12.995140075683594,80.217041015625,45214920712,51802,365232
365306,03,03,12.994819641113281,80.21724700927734,45214920712,51813,365306
365383,03,03,12.99429988861084,80.21764373779297,45214920712,51823,365383
365454,03,03,12.993720054626465,80.21808624267578,45214920712,51833,365454
365526,03,03,12.993189811706543,80.21842956542969,45214920712,51843,365526
365602,03,03,12.992650032043457,80.21881866455078,45214920712,51853,365602
365672,03,03,12.991999626159668,80.21930694580078,45214920712,51863,365672
365750,03,03,12.991600036621094,80.21961975097656,45214920712,51873,365750
365820,03,03,12.99153995513916,80.21965789794922,45214920712,51883,365820
365891,03,03,12.99153995513916,80.21965789794922,45214920712,51893,365891
365963,03,03,12.99153995513916,80.21965789794922,45214920712,51903,365963
366035,03,03,12.99153995513916,80.21965789794922,45214920712,51914,366035
366112,03,03,12.99153995513916,80.21965789794922,45214920712,51924,366112
366189,03,03,12.99153995513916,80.21965789794922,45214920712,51934,366189
366259,03,03,12.99153995513916,80.21965789794922,45214920712,51944,366259
366334,03,03,12.991140365600586,80.21949768066406,45214920712,51954,366334
366406,03,03,12.99096965789795,80.21943664550781,45214920712,51964,366406
366477,03,03,12.990739822387695,80.21935272216797,45214920712,51974,366477
366551,03,03,12.990099906921387,80.2191390991211,45214920712,51984,366551
366625,03,03,12.989219665527344,80.21881866455078,45214920712,51994,366625
366698,03,03,12.988149642944336,80.2184829711914,45214920712,52004,366698
366777,03,03,12.987000465393066,80.21826171875,45214920712,52015,366777
366847,03,03,12.986729621887207,80.21822357177734,45214920712,52025,366847
366918,03,03,12.986339569091797,80.21813201904297,45214920712,52035,366918
366991,03,03,12.985520362854004,80.21795654296875,45214920712,52045,366991
367059,03,03,12.984419822692871,80.21795654296875,45214920712,52055,367059
367129,03,03,12.983280181884766,80.21797180175781,45214920712,52065,367129
367202,03,03,12.98235034942627,80.21798706054688,45214920712,52075,367202
367278,03,03,12.98153018951416,80.21806335449219,45214920712,52085,367278
367340,03,03,12.981260299682617,80.2181167602539,45214920712,52095,367340
367420,03,03,12.980890274047852,80.2182388305664,45214920712,52105,367420
367485,03,03,12.98015022277832,80.21849822998047,45214920712,52115,367485
367563,03,03,12.979140281677246,80.21890258789062,45214920712,52126,367563
367631,03,03,12.978560447692871,80.21914672851562,45214920712,52136,367631
367714,03,03,12.97780990600586,80.2194595336914,45214920712,52146,367714
367785,03,03,12.976900100708008,80.21983337402344,45214920712,52156,367785
367859,03,03,12.976019859313965,80.22020721435547,45214920712,52167,367859
367950,03,03,12.975760459899902,80.22032165527344,45214920712,52179,367950
368019,03,03,12.975580215454102,80.2204818725586,45214920712,52189,368019
368101,03,03,12.975549697875977,80.22077941894531,45214920712,52199,368101
368164,03,03,12.975930213928223,80.22112274169922,45214920712,52209,368164
368236,03,03,12.9762601852417,80.22160339355469,45214920712,52219,368236
368324,03,03,12.976329803466797,80.2217025756836,45214920712,52230,368324
368396,03,03,12.976420402526855,80.22183227539062,45214920712,52240,368396
368466,03,03,12.976659774780273,80.22222137451172,45214920712,52250,368466
368537,03,03,12.976810455322266,80.2225112915039,45214920712,52260,368537
368609,03,03,12.976880073547363,80.22264099121094,45214920712,52270,368609
368771,03,03,12.977749824523926,80.22405242919922,45214920712,52292,368771
368858,03,03,12.97836971282959,80.22505950927734,45214920712,52304,368858
368930,03,03,12.978850364685059,80.2258529663086,45214920712,52314,368930
368998,03,03,12.979379653930664,80.2267074584961,45214920712,52324,368998
369069,03,03,12.979740142822266,80.22730255126953,45214920712,52333,369069
369151,03,03,12.980050086975098,80.22781372070312,45214920712,52345,369151
369225,03,03,12.980400085449219,80.22846221923828,45214920712,52355,369225
369301,03,03,12.980799674987793,80.22911834716797,45214920712,52365,369301
369369,03,03,12.981080055236816,80.22958374023438,45214920712,52375,369369
369435,03,03,12.981439590454102,80.23011779785156,45214920712,52384,369435
369522,03,03,12.98169994354248,80.23052978515625,45214920712,52395,369522
369592,03,03,12.981760025024414,80.23065185546875,45214920712,52405,369592
369667,03,03,12.98196029663086,80.23114776611328,45214920712,52415,369667
369741,03,03,12.982049942016602,80.23194122314453,45214920712,52425,369741
369813,03,03,12.982049942016602,80.23233795166016,45214920712,52435,369813
369889,03,03,12.982020378112793,80.23249816894531,45214920712,52446,369889
369963,03,03,12.982020378112793,80.23249816894531,45214920712,52456,369963
370036,03,03,12.981949806213379,80.23275756835938,45214920712,52466,370036
370115,03,03,12.981719970703125,80.23330688476562,45214920712,52476,370115
370185,03,03,12.981619834899902,80.2335433959961,45214920712,52486,370185
370260,03,03,12.981439590454102,80.2339096069336,45214920712,52496,370260
370334,03,03,12.981260299682617,80.23445892333984,45214920712,52506,370334
370404,03,03,12.981249809265137,80.23561096191406,45214920712,52516,370404
370477,03,03,12.981260299682617,80.236572265625,45214920712,52526,370477
370552,03,03,12.981280326843262,80.23754119873047,45214920712,52536,370552
370626,03,03,12.98130989074707,80.23844909667969,45214920712,52547,370626
370699,03,03,12.98132038116455,80.23866271972656,45214920712,52557,370699
370773,03,03,12.981329917907715,80.23899841308594,45214920712,52567,370773
370847,03,03,12.981340408325195,80.23957061767578,45214920712,52577,370847
370918,03,03,12.98136043548584,80.24034881591797,45214920712,52587,370918
370993,03,03,12.981369972229004,80.24114990234375,45214920712,52597,370993
371067,03,03,12.981380462646484,80.24144744873047,45214920712,52607,371067
371136,03,03,12.981399536132812,80.24153900146484,45214920712,52617,371136
371210,03,03,12.981399536132812,80.24165344238281,45214920712,52627,371210
371284,03,03,12.981389999389648,80.24208068847656,45214920712,52637,371284
371362,03,03,12.981399536132812,80.24231719970703,45214920712,52648,371362
371430,03,03,12.981399536132812,80.24231719970703,45214920712,52658,371430
371507,03,03,12.981399536132812,80.24231719970703,45214920712,52668,371507
371578,03,03,12.981399536132812,80.24231719970703,45214920712,52678,371578
371651,03,03,12.981410026550293,80.24291229248047,45214920712,52688,371651
371727,03,03,12.98136043548584,80.24365997314453,45214920712,52698,371727
371799,03,03,12.981240272521973,80.2446517944336,45214920712,52708,371799
371873,03,03,12.98108959197998,80.2458267211914,45214920712,52718,371873
371946,03,03,12.980950355529785,80.24713134765625,45214920712,52728,371946
372020,03,03,12.980850219726562,80.24849700927734,45214920712,52738,372020
372099,03,03,12.980640411376953,80.2500228881836,45214920712,52749,372099
372172,03,03,12.980290412902832,80.25138854980469,45214920712,52759,372172
372241,03,03,12.980030059814453,80.25228881835938,45214920712,52769,372241
372316,03,03,12.97976016998291,80.25276947021484,45214920712,52779,372316
372388,03,03,12.979029655456543,80.25270080566406,45214920712,52789,372388
372462,03,03,12.978610038757324,80.25260162353516,45214920712,52799,372462
372537,03,03,12.978449821472168,80.25253295898438,45214920712,52809,372537
372611,03,03,12.977959632873535,80.25213623046875,45214920712,52819,372611
372685,03,03,12.977279663085938,80.25155639648438,45214920712,52829,372685
372758,03,03,12.976519584655762,80.25125122070312,45214920712,52839,372758
372831,03,03,12.975529670715332,80.25093841552734,45214920712,52849,372831
372908,03,03,12.974220275878906,80.25057220458984,45214920712,52860,372908
372980,03,03,12.973050117492676,80.2502670288086,45214920712,52870,372980
373053,03,03,12.972570419311523,80.25016021728516,45214920712,52880,373053
373126,03,03,12.972299575805664,80.25007629394531,45214920712,52890,373126
373199,03,03,12.971920013427734,80.24996948242188,45214920712,52900,373199
373271,03,03,12.971170425415039,80.24977111816406,45214920712,52910,373271
373387,03,03,12.969539642333984,80.24920654296875,45214920712,52926,373387
373474,03,03,12.96835994720459,80.2487564086914,45214920712,52938,373474
373531,03,03,12.967610359191895,80.24844360351562,45214920712,52946,373531
373617,03,03,12.966620445251465,80.24797058105469,45214920712,52958,373617
373717,03,03,12.96537971496582,80.24746704101562,45214920712,52973,373717
373788,03,03,12.965080261230469,80.24736785888672,45214920712,52983,373788
373856,03,03,12.9650297164917,80.24736022949219,45214920712,52993,373856
373927,03,03,12.964630126953125,80.24720764160156,45214920712,53003,373927
374001,03,03,12.963910102844238,80.24694061279297,45214920712,53013,374001
374077,03,03,12.963279724121094,80.24665832519531,45214920712,53023,374077
374150,03,03,12.962400436401367,80.24617767333984,45214920712,53033,374150
374221,03,03,12.961319923400879,80.24565887451172,45214920712,53043,374221
374385,03,03,12.958680152893066,80.24446868896484,45214920712,53066,374385
374490,03,03,12.957839965820312,80.24411010742188,45214920712,53079,374490
374563,03,03,12.957539558410645,80.24401092529297,45214920712,53089,374563
374637,03,03,12.957300186157227,80.24394226074219,45214920712,53099,374637
374706,03,03,12.957300186157227,80.24394226074219,45214920712,53109,374706
374778,03,03,12.957300186157227,80.24394226074219,45214920712,53119,374778
374852,03,03,12.957300186157227,80.24394226074219,45214920712,53129,374852
374923,03,03,12.957119941711426,80.24388885498047,45214920712,53138,374923
375002,03,03,12.957090377807617,80.24388885498047,45214920712,53149,375002
375073,03,03,12.957090377807617,80.24388885498047,45214920712,53159,375073
375150,03,03,12.957090377807617,80.24388885498047,45214920712,53170,375150
375226,03,03,12.956930160522461,80.24385070800781,45214920712,53180,375226
375300,03,03,12.95680046081543,80.24382019042969,45214920712,53190,375300
375380,03,03,12.95680046081543,80.24382019042969,45214920712,53201,375380
375450,03,03,12.956720352172852,80.24381256103516,45214920712,53211,375450
375521,03,03,12.956600189208984,80.24376678466797,45214920712,53221,375521
375593,03,03,12.956439971923828,80.24372100830078,45214920712,53231,375593
375665,03,03,12.956270217895508,80.24365234375,45214920712,53241,375665
375735,03,03,12.955780029296875,80.24340057373047,45214920712,53251,375735
375812,03,03,12.955010414123535,80.24301147460938,45214920712,53261,375812
375889,03,03,12.953949928283691,80.24253845214844,45214920712,53272,375889
375963,03,03,12.952939987182617,80.24211883544922,45214920712,53282,375963
376041,03,03,12.952139854431152,80.24182891845703,45214920712,53292,376041
376105,03,03,12.95199966430664,80.24178314208984,45214920712,53302,376105
376179,03,03,12.951740264892578,80.2416763305664,45214920712,53312,376179
376257,03,03,12.951539993286133,80.2416000366211,45214920712,53322,376257
376326,03,03,12.951080322265625,80.2414321899414,45214920712,53332,376326
376400,03,03,12.950329780578613,80.24120330810547,45214920712,53342,376400
376472,03,03,12.949600219726562,80.24099731445312,45214920712,53352,376472
376545,03,03,12.949410438537598,80.24093627929688,45214920712,53362,376545
376618,03,03,12.949199676513672,80.24085998535156,45214920712,53372,376618
376697,03,03,12.94890022277832,80.24075317382812,45214920712,53383,376697
376764,03,03,12.948229789733887,80.24049377441406,45214920712,53393,376764
376839,03,03,12.947500228881836,80.24019622802734,45214920712,53403,376839
376919,03,03,12.947270393371582,80.24009704589844,45214920712,53413,376919
376984,03,03,12.947139739990234,80.24004364013672,45214920712,53423,376984
377062,03,03,12.946599960327148,80.23983001708984,45214920712,53433,377062
377131,03,03,12.945799827575684,80.2394790649414,45214920712,53443,377131
377202,03,03,12.944890022277832,80.23887634277344,45214920712,53453,377202
377272,03,03,12.944029808044434,80.2379379272461,45214920712,53463,377272
377349,03,03,12.943340301513672,80.23719787597656,45214920712,53473,377349
377425,03,03,12.943099975585938,80.2369384765625,45214920712,53484,377425
377496,03,03,12.942469596862793,80.23651885986328,45214920712,53494,377496
377575,03,03,12.941499710083008,80.2362289428711,45214920712,53504,377575
377648,03,03,12.940500259399414,80.23599243164062,45214920712,53514,377648
377717,03,03,12.939929962158203,80.2358169555664,45214920712,53524,377717
377789,03,03,12.93988037109375,80.23580169677734,45214920712,53534,377789
377858,03,03,12.939629554748535,80.23570251464844,45214920712,53544,377858
377930,03,03,12.938969612121582,80.23538208007812,45214920712,53554,377930
378004,03,03,12.93805980682373,80.23493194580078,45214920712,53564,378004
378077,03,03,12.936949729919434,80.23438262939453,45214920712,53574,378077
378151,03,03,12.935890197753906,80.23388671875,45214920712,53584,378151
378229,03,03,12.934789657592773,80.23335266113281,45214920712,53595,378229
378299,03,03,12.933930397033691,80.23296356201172,45214920712,53605,378299
378370,03,03,12.933719635009766,80.23290252685547,45214920712,53615,378370
378443,03,03,12.93356990814209,80.23284149169922,45214920712,53625,378443
378515,03,03,12.933429718017578,80.23278045654297,45214920712,53635,378515
378590,03,03,12.932840347290039,80.23251342773438,45214920712,53645,378590
378662,03,03,12.931929588317871,80.2322006225586,45214920712,53655,378662
378737,03,03,12.930760383605957,80.23182678222656,45214920712,53665,378737
378806,03,03,12.929590225219727,80.23152160644531,45214920712,53675,378806
378876,03,03,12.928560256958008,80.2313003540039,45214920712,53685,378876
378959,03,03,12.927249908447266,80.2311019897461,45214920712,53696,378959
379031,03,03,12.925979614257812,80.23098754882812,45214920712,53706,379031
379106,03,03,12.925689697265625,80.2309799194336,45214920712,53716,379106
379179,03,03,12.92527961730957,80.23088836669922,45214920712,53726,379179
379252,03,03,12.924480438232422,80.23079681396484,45214920712,53736,379252
379324,03,03,12.923439979553223,80.23068237304688,45214920712,53746,379324
379396,03,03,12.922160148620605,80.23047637939453,45214920712,53756,379396
379468,03,03,12.920729637145996,80.23027038574219,45214920712,53766,379468
379581,03,03,12.918310165405273,80.22994995117188,45214920712,53782,379581
379665,03,03,12.9164400100708,80.22969818115234,45214920712,53794,379665
379735,03,03,12.915029525756836,80.22949981689453,45214920712,53803,379735
379820,03,03,12.913490295410156,80.22933197021484,45214920712,53815,379820
379890,03,03,12.913379669189453,80.22931671142578,45214920712,53825,379890
379962,03,03,12.913370132446289,80.22930908203125,45214920712,53835,379962
380020,03,03,12.913029670715332,80.22924041748047,45214920712,53844,380020
380110,03,03,12.912039756774902,80.22907257080078,45214920712,53855,380110
380162,03,03,12.911049842834473,80.22891998291016,45214920712,53864,380162
380250,03,03,12.90962028503418,80.22869873046875,45214920712,53875,380250
380319,03,03,12.908220291137695,80.22846984863281,45214920712,53885,380319
380398,03,03,12.907079696655273,80.22834014892578,45214920712,53895,380398
380471,03,03,12.90684986114502,80.22831726074219,45214920712,53906,380471
380547,03,03,12.90684986114502,80.22831726074219,45214920712,53916,380547
380617,03,03,12.90684986114502,80.22831726074219,45214920712,53926,380617
380688,03,03,12.906840324401855,80.22831726074219,45214920712,53936,380688
380762,03,03,12.9064302444458,80.22827911376953,45214920712,53946,380762
380833,03,03,12.906299591064453,80.22824096679688,45214920712,53956,380833
380908,03,03,12.905929565429688,80.2281723022461,45214920712,53966,380908
380983,03,03,12.905179977416992,80.2281494140625,45214920712,53976,380983
381056,03,03,12.904109954833984,80.22811126708984,45214920712,53986,381056
381127,03,03,12.902819633483887,80.22805786132812,45214920712,53996,381127
381205,03,03,12.901519775390625,80.22798919677734,45214920712,54006,381205
381277,03,03,12.90056037902832,80.22792053222656,45214920712,54017,381277
381354,03,03,12.899789810180664,80.2278823852539,45214920712,54027,381354
381425,03,03,12.899419784545898,80.2278823852539,45214920712,54037,381425
381497,03,03,12.899419784545898,80.2278823852539,45214920712,54047,381497
381571,03,03,12.899419784545898,80.2278823852539,45214920712,54057,381571
381641,03,03,12.8993501663208,80.2278823852539,45214920712,54067,381641
381713,03,03,12.898859977722168,80.22783660888672,45214920712,54077,381713
381788,03,03,12.898070335388184,80.22779846191406,45214920712,54087,381788
381863,03,03,12.897069931030273,80.22773742675781,45214920712,54097,381863
381931,03,03,12.895919799804688,80.22769165039062,45214920712,54107,381931
382010,03,03,12.894519805908203,80.22762298583984,45214920712,54118,382010
382083,03,03,12.893400192260742,80.22754669189453,45214920712,54128,382083
382157,03,03,12.893159866333008,80.22752380371094,45214920712,54138,382157
382228,03,03,12.893019676208496,80.22750091552734,45214920712,54148,382228
382302,03,03,12.892439842224121,80.22743225097656,45214920712,54158,382302
382376,03,03,12.891539573669434,80.22738647460938,45214920712,54168,382376
382445,03,03,12.890410423278809,80.22737884521484,45214920712,54178,382445
382520,03,03,12.889140129089355,80.22737121582031,45214920712,54188,382520
382596,03,03,12.888460159301758,80.22737121582031,45214920712,54198,382596
382667,03,03,12.888290405273438,80.22736358642578,45214920712,54208,382667
382745,03,03,12.887619972229004,80.22728729248047,45214920712,54219,382745
382818,03,03,12.886730194091797,80.22712707519531,45214920712,54229,382818
382893,03,03,12.885629653930664,80.22686004638672,45214920712,54239,382893
382967,03,03,12.884920120239258,80.22675323486328,45214920712,54249,382967
383041,03,03,12.884909629821777,80.22675323486328,45214920712,54259,383041
383114,03,03,12.884510040283203,80.22673797607422,45214920712,54269,383114
383183,03,03,12.883729934692383,80.22673797607422,45214920712,54279,383183
383259,03,03,12.882710456848145,80.22673797607422,45214920712,54289,383259
383330,03,03,12.881460189819336,80.22673797607422,45214920712,54299,383330
383401,03,03,12.88012981414795,80.22676086425781,45214920712,54309,383401
383477,03,03,12.878789901733398,80.22679901123047,45214920712,54319,383477
383551,03,03,12.877670288085938,80.22689056396484,45214920712,54329,383551
383624,03,03,12.876830101013184,80.22695922851562,45214920712,54339,383624
383705,03,03,12.876409530639648,80.22688293457031,45214920712,54350,383705
383776,03,03,12.87639045715332,80.22657012939453,45214920712,54360,383776
383847,03,03,12.87639045715332,80.22657012939453,45214920712,54370,383847
383922,03,03,12.87639045715332,80.22657012939453,45214920712,54380,383922
383996,03,03,12.876429557800293,80.22618865966797,45214920712,54390,383996
384070,03,03,12.876500129699707,80.22544860839844,45214920712,54400,384070
384138,03,03,12.876620292663574,80.2244873046875,45214920712,54410,384138
384213,03,03,12.876850128173828,80.22332763671875,45214920712,54420,384213
384287,03,03,12.87716007232666,80.22200775146484,45214920712,54430,384287
384368,03,03,12.877519607543945,80.220458984375,45214920712,54441,384368
384440,03,03,12.877849578857422,80.21906280517578,45214920712,54451,384440
384513,03,03,12.878120422363281,80.2177963256836,45214920712,54461,384513
384589,03,03,12.878350257873535,80.21665954589844,45214920712,54471,384589
384662,03,03,12.878569602966309,80.21560668945312,45214920712,54481,384662
384730,03,03,12.878820419311523,80.21439361572266,45214920712,54491,384730
384804,03,03,12.879079818725586,80.21304321289062,45214920712,54501,384804
384874,03,03,12.879329681396484,80.21172332763672,45214920712,54511,384874
384950,03,03,12.879260063171387,80.21095275878906,45214920712,54521,384950
385031,03,03,12.878950119018555,80.21089172363281,45214920712,54532,385031
385100,03,03,12.878950119018555,80.21089172363281,45214920712,54542,385100
385175,03,03,12.878600120544434,80.21085357666016,45214920712,54552,385175
385248,03,03,12.877869606018066,80.2107162475586,45214920712,54562,385248
385325,03,03,12.87697982788086,80.2105484008789,45214920712,54572,385325
385398,03,03,12.87621021270752,80.21040344238281,45214920712,54582,385398
385471,03,03,12.875240325927734,80.21024322509766,45214920712,54592,385471
385545,03,03,12.874589920043945,80.21012115478516,45214920712,54602,385545
385618,03,03,12.874589920043945,80.21012115478516,45214920712,54612,385618
385691,03,03,12.874589920043945,80.21012115478516,45214920712,54622,385691
385764,03,03,12.874480247497559,80.21011352539062,45214920712,54632,385764
385844,03,03,12.874380111694336,80.20976257324219,45214920712,54643,385844
385918,03,03,12.874750137329102,80.20960998535156,45214920712,54653,385918
385991,03,03,12.874670028686523,80.20976257324219,45214920712,54663,385991
386065,03,03,12.874670028686523,80.20976257324219,45214920712,54673,386065
386131,03,03,12.874670028686523,80.20976257324219,45214920712,54682,386131
386209,03,03,12.874670028686523,80.20976257324219,45214920712,54693,386209
386296,03,03,12.874670028686523,80.20976257324219,45214920712,54705,386296
386370,03,03,12.874670028686523,80.20976257324219,45214920712,54715,386370
386444,03,03,12.874670028686523,80.20976257324219,45214920712,54725,386444
386514,03,03,12.874670028686523,80.20976257324219,45214920712,54735,386514
386601,03,03,12.874670028686523,80.20976257324219,45214920712,54746,386601
386672,03,03,12.874670028686523,80.20976257324219,45214920712,54756,386672
386742,03,03,12.874670028686523,80.20976257324219,45214920712,54766,386742
386815,03,03,12.874670028686523,80.20976257324219,45214920712,54776,386815
386887,03,03,12.874670028686523,80.20976257324219,45214920712,54786,386887
386959,03,03,12.874670028686523,80.20976257324219,45214920712,54796,386959
387026,03,03,12.874670028686523,80.20976257324219,45214920712,54806,387026
387107,03,03,12.874670028686523,80.20976257324219,45214920712,54816,387107
387174,03,03,12.874670028686523,80.20976257324219,45214920712,54826,387174
387250,03,03,12.874670028686523,80.20976257324219,45214920712,54836,387250
387320,03,03,12.874670028686523,80.20976257324219,45214920712,54846,387320
387408,03,03,12.874670028686523,80.20976257324219,45214920712,54857,387408
387487,03,03,12.874670028686523,80.20976257324219,45214920712,54867,387487
387554,03,03,12.874670028686523,80.20976257324219,45214920712,54877,387554
387634,03,03,12.874670028686523,80.20976257324219,45214920712,54887,387634
387706,03,03,12.874670028686523,80.20976257324219,45214920712,54897,387706
387780,03,03,12.874670028686523,80.20976257324219,45214920712,54907,387780
387855,03,03,12.874670028686523,80.20976257324219,45214920712,54917,387855
387930,03,03,12.874670028686523,80.20976257324219,45214920712,54927,387930
388002,03,03,12.874670028686523,80.20976257324219,45214920712,54937,388002
388077,03,03,12.874670028686523,80.20976257324219,45214920712,54947,388077
388159,03,03,12.874670028686523,80.20976257324219,45214920712,54958,388159
388234,03,03,12.874670028686523,80.20976257324219,45214920712,54968,388234
388308,03,03,12.874670028686523,80.20976257324219,45214920712,54978,388308
388381,03,03,12.874670028686523,80.20976257324219,45214920712,54988,388381
388458,03,03,12.874670028686523,80.20976257324219,45214920712,54998,388458
388524,03,03,12.874670028686523,80.20976257324219,45214920712,55008,388524
388603,03,03,12.874670028686523,80.20976257324219,45214920712,55018,388603
388669,03,03,12.874670028686523,80.20976257324219,45214920712,55028,388669
388752,03,03,12.874670028686523,80.20976257324219,45214920712,55038,388752
388817,03,03,12.874670028686523,80.20976257324219,45214920712,55048,388817
388897,03,03,12.874670028686523,80.20976257324219,45214920712,55058,388897
388978,03,03,12.874670028686523,80.20976257324219,45214920712,55069,388978
389057,03,03,12.874670028686523,80.20976257324219,45214920712,55079,389057
389132,03,03,12.874670028686523,80.20976257324219,45214920712,55089,389132
389205,03,03,12.874670028686523,80.20976257324219,45214920712,55099,389205
389267,03,03,12.874670028686523,80.20976257324219,45214920712,55109,389267
389353,03,03,12.874670028686523,80.20976257324219,45214920712,55119,389353
389416,03,03,12.874670028686523,80.20976257324219,45214920712,55129,389416
389500,03,03,12.874670028686523,80.20976257324219,45214920712,55139,389500
389572,03,03,12.874670028686523,80.20976257324219,45214920712,55149,389572
389644,03,03,12.874670028686523,80.20976257324219,45214920712,55159,389644
389730,03,03,12.874670028686523,80.20976257324219,45214920712,55170,389730
389795,03,03,12.874670028686523,80.20976257324219,45214920712,55179,389795
389880,03,03,12.874670028686523,80.20976257324219,45214920712,55190,389880
389945,03,03,12.874670028686523,80.20976257324219,45214920712,55200,389945
390026,03,03,12.874670028686523,80.20976257324219,45214920712,55210,390026
390090,03,03,12.874670028686523,80.20976257324219,45214920712,55220,390090
390163,03,03,12.874670028686523,80.20976257324219,45214920712,55230,390163
390235,03,03,12.874670028686523,80.20976257324219,45214920712,55239,390235
390325,03,03,12.874670028686523,80.20976257324219,45214920712,55251,390325
390399,03,03,12.874670028686523,80.20976257324219,45214920712,55261,390399
390477,03,03,12.874670028686523,80.20976257324219,45214920712,55272,390477
390550,03,03,12.874670028686523,80.20976257324219,45214920712,55282,390550
390623,03,03,12.874670028686523,80.20976257324219,45214920712,55292,390623
390694,03,03,12.874670028686523,80.20976257324219,45214920712,55302,390694
390768,03,03,12.874670028686523,80.20976257324219,45214920712,55312,390768
390840,03,03,12.874670028686523,80.20976257324219,45214920712,55322,390840
390914,03,03,12.874670028686523,80.20976257324219,45214920712,55332,390914
390989,03,03,12.874670028686523,80.20976257324219,45214920712,55342,390989
391063,03,03,12.874670028686523,80.20976257324219,45214920712,55352,391063
391131,03,03,12.874670028686523,80.20976257324219,45214920712,55362,391131
391211,03,03,12.874670028686523,80.20976257324219,45214920712,55372,391211
391289,03,03,12.874670028686523,80.20976257324219,45214920712,55383,391289
391360,03,03,12.874670028686523,80.20976257324219,45214920712,55393,391360
391430,03,03,12.874670028686523,80.20976257324219,45214920712,55403,391430
391501,03,03,12.874670028686523,80.20976257324219,45214920712,55413,391501
391575,03,03,12.874670028686523,80.20976257324219,45214920712,55423,391575
391647,03,03,12.874670028686523,80.20976257324219,45214920712,55433,391647
391716,03,03,12.874670028686523,80.20976257324219,45214920712,55443,391716
391788,03,03,12.874670028686523,80.20976257324219,45214920712,55453,391788
391868,03,03,12.874670028686523,80.20976257324219,45214920712,55463,391868
391940,03,03,12.874670028686523,80.20976257324219,45214920712,55473,391940
392020,03,03,12.874670028686523,80.20976257324219,45214920712,55484,392020
392091,03,03,12.874670028686523,80.20976257324219,45214920712,55494,392091
392164,03,03,12.874670028686523,80.20976257324219,45214920712,55504,392164
392240,03,03,12.874670028686523,80.20976257324219,45214920712,55514,392240
392313,03,03,12.874670028686523,80.20976257324219,45214920712,55524,392313
392386,03,03,12.874670028686523,80.20976257324219,45214920712,55534,392386
392462,03,03,12.874670028686523,80.20976257324219,45214920712,55544,392462
392537,03,03,12.874670028686523,80.20976257324219,45214920712,55554,392537
392612,03,03,12.874670028686523,80.20976257324219,45214920712,55564,392612
392684,03,03,12.874670028686523,80.20976257324219,45214920712,55574,392684
392760,03,03,12.874670028686523,80.20976257324219,45214920712,55585,392760
392832,03,03,12.874670028686523,80.20976257324219,45214920712,55595,392832
392906,03,03,12.874670028686523,80.20976257324219,45214920712,55605,392906
392979,03,03,12.874670028686523,80.20976257324219,45214920712,55615,392979
393046,03,03,12.874670028686523,80.20976257324219,45214920712,55624,393046
393131,03,03,12.874670028686523,80.20976257324219,45214920712,55635,393131
393206,03,03,12.874670028686523,80.20976257324219,45214920712,55645,393206
393281,03,03,12.874670028686523,80.20976257324219,45214920712,55655,393281
393354,03,03,12.874670028686523,80.20976257324219,45214920712,55665,393354
393427,03,03,12.874670028686523,80.20976257324219,45214920712,55675,393427
393504,03,03,12.874670028686523,80.20976257324219,45214920712,55685,393504
393595,03,03,12.874670028686523,80.20976257324219,45214920712,55696,393595
393670,03,03,12.874670028686523,80.20976257324219,45214920712,55706,393670
393744,03,03,12.874670028686523,80.20976257324219,45214920712,55716,393744
393813,03,03,12.874670028686523,80.20976257324219,45214920712,55726,393813
393885,03,03,12.874670028686523,80.20976257324219,45214920712,55736,393885
393966,03,03,12.874670028686523,80.20976257324219,45214920712,55746,393966
394033,03,03,12.874670028686523,80.20976257324219,45214920712,55756,394033
394103,03,03,12.874670028686523,80.20976257324219,45214920712,55766,394103
394183,03,03,12.874670028686523,80.20976257324219,45214920712,55776,394183
394257,03,03,12.874670028686523,80.20976257324219,45214920712,55786,394257
394333,03,03,12.874670028686523,80.20976257324219,45214920712,55797,394333
394403,03,03,12.874670028686523,80.20976257324219,45214920712,55806,394403
394478,03,03,12.874670028686523,80.20976257324219,45214920712,55817,394478
394555,03,03,12.874670028686523,80.20976257324219,45214920712,55827,394555
394628,03,03,12.874670028686523,80.20976257324219,45214920712,55837,394628
394691,03,03,12.874670028686523,80.20976257324219,45214920712,55846,394691
394776,03,03,12.874670028686523,80.20976257324219,45214920712,55857,394776
394849,03,03,12.874670028686523,80.20976257324219,45214920712,55867,394849
394923,03,03,12.874670028686523,80.20976257324219,45214920712,55877,394923
394996,03,03,12.874670028686523,80.20976257324219,45214920712,55887,394996
395072,03,03,12.874670028686523,80.20976257324219,45214920712,55898,395072
395147,03,03,12.874670028686523,80.20976257324219,45214920712,55908,395147
395220,03,03,12.874670028686523,80.20976257324219,45214920712,55918,395220
395291,03,03,12.874670028686523,80.20976257324219,45214920712,55928,395291
395365,03,03,12.874670028686523,80.20976257324219,45214920712,55938,395365
395439,03,03,12.874670028686523,80.20976257324219,45214920712,55948,395439
395516,03,03,12.874670028686523,80.20976257324219,45214920712,55958,395516
395588,03,03,12.874670028686523,80.20976257324219,45214920712,55968,395588
395658,03,03,12.874670028686523,80.20976257324219,45214920712,55978,395658
395737,03,03,12.874670028686523,80.20976257324219,45214920712,55988,395737
395805,03,03,12.874670028686523,80.20976257324219,45214920712,55998,395805
395886,03,03,12.874670028686523,80.20976257324219,45214920712,56009,395886
395960,03,03,12.874670028686523,80.20976257324219,45214920712,56019,395960
396033,03,03,12.874670028686523,80.20976257324219,45214920712,56029,396033
396107,03,03,12.874670028686523,80.20976257324219,45214920712,56039,396107
396183,03,03,12.874670028686523,80.20976257324219,45214920712,56049,396183
396246,03,03,12.874670028686523,80.20976257324219,45214920712,56058,396246
396325,03,03,12.874670028686523,80.20976257324219,45214920712,56069,396325
396405,03,03,12.874670028686523,80.20976257324219,45214920712,56079,396405
396479,03,03,12.874670028686523,80.20976257324219,45214920712,56089,396479
396545,03,03,12.874670028686523,80.20976257324219,45214920712,56099,396545
396632,03,03,12.874670028686523,80.20976257324219,45214920712,56110,396632
396705,03,03,12.874670028686523,80.20976257324219,45214920712,56120,396705
396775,03,03,12.874670028686523,80.20976257324219,45214920712,56130,396775
396847,03,03,12.874670028686523,80.20976257324219,45214920712,56140,396847
396922,03,03,12.874670028686523,80.20976257324219,45214920712,56150,396922
396993,03,03,12.874670028686523,80.20976257324219,45214920712,56160,396993
397061,03,03,12.874670028686523,80.20976257324219,45214920712,56170,397061
397140,03,03,12.874670028686523,80.20976257324219,45214920712,56180,397140
397213,03,03,12.874670028686523,80.20976257324219,45214920712,56190,397213
397285,03,03,12.874670028686523,80.20976257324219,45214920712,56200,397285
397361,03,03,12.874670028686523,80.20976257324219,45214920712,56210,397361
397440,03,03,12.874670028686523,80.20976257324219,45214920712,56221,397440
397515,03,03,12.874670028686523,80.20976257324219,45214920712,56231,397515
397586,03,03,12.874670028686523,80.20976257324219,45214920712,56241,397586
397659,03,03,12.874670028686523,80.20976257324219,45214920712,56251,397659
397729,03,03,12.874670028686523,80.20976257324219,45214920712,56261,397729
397801,03,03,12.874670028686523,80.20976257324219,45214920712,56271,397801
397879,03,03,12.874670028686523,80.20976257324219,45214920712,56281,397879
397953,03,03,12.874670028686523,80.20976257324219,45214920712,56291,397953
398028,03,03,12.874670028686523,80.20976257324219,45214920712,56301,398028
398092,03,03,12.874670028686523,80.20976257324219,45214920712,56311,398092
398177,03,03,12.874670028686523,80.20976257324219,45214920712,56322,398177
398251,03,03,12.874670028686523,80.20976257324219,45214920712,56332,398251
398323,03,03,12.874670028686523,80.20976257324219,45214920712,56342,398323
398399,03,03,12.874670028686523,80.20976257324219,45214920712,56352,398399
398469,03,03,12.874670028686523,80.20976257324219,45214920712,56362,398469
398545,03,03,12.874670028686523,80.20976257324219,45214920712,56372,398545
398615,03,03,12.874670028686523,80.20976257324219,45214920712,56382,398615
398685,03,03,12.874670028686523,80.20976257324219,45214920712,56392,398685
398758,03,03,12.874670028686523,80.20976257324219,45214920712,56402,398758
398842,03,03,12.874670028686523,80.20976257324219,45214920712,56412,398842
398908,03,03,12.874699592590332,80.20984649658203,45214920712,56422,398908
398994,03,03,12.874670028686523,80.2100830078125,45214920712,56433,398994
399068,03,03,12.87477970123291,80.2101821899414,45214920712,56443,399068
399141,03,03,12.874859809875488,80.2101821899414,45214920712,56453,399141
399214,03,03,12.875049591064453,80.21021270751953,45214920712,56463,399214
399289,03,03,12.875419616699219,80.21027374267578,45214920712,56473,399289
399359,03,03,12.875670433044434,80.21031188964844,45214920712,56483,399359
399433,03,03,12.876029968261719,80.21037292480469,45214920712,56493,399433
399502,03,03,12.876480102539062,80.21045684814453,45214920712,56503,399502
399580,03,03,12.876999855041504,80.21054077148438,45214920712,56513,399580
399654,03,03,12.877639770507812,80.2106704711914,45214920712,56523,399654
399736,03,03,12.8783597946167,80.21080780029297,45214920712,56534,399736
399804,03,03,12.878939628601074,80.21089935302734,45214920712,56544,399804
399866,03,03,12.879179954528809,80.21095275878906,45214920712,56552,399866
399953,03,03,12.879329681396484,80.21099853515625,45214920712,56564,399953
400026,03,03,12.879329681396484,80.21101379394531,45214920712,56574,400026
400096,03,03,12.879469871520996,80.2113037109375,45214920712,56584,400096
400174,03,03,12.879340171813965,80.21192169189453,45214920712,56594,400174
400244,03,03,12.879179954528809,80.21276092529297,45214920712,56604,400244
400323,03,03,12.879010200500488,80.21366119384766,45214920712,56614,400323
400396,03,03,12.878820419311523,80.21465301513672,45214920712,56624,400396
400476,03,03,12.878580093383789,80.21582794189453,45214920712,56635,400476
400549,03,03,12.87837028503418,80.21681213378906,45214920712,56645,400549
400618,03,03,12.87816047668457,80.21790313720703,45214920712,56654,400618
400694,03,03,12.8779296875,80.21897888183594,45214920712,56665,400694
400764,03,03,12.877650260925293,80.2201919555664,45214920712,56675,400764
400838,03,03,12.877400398254395,80.22129821777344,45214920712,56685,400838
400915,03,03,12.877140045166016,80.222412109375,45214920712,56695,400915
400986,03,03,12.876870155334473,80.22355651855469,45214920712,56705,400986
401061,03,03,12.876680374145508,80.22469329833984,45214920712,56715,401061
401137,03,03,12.87656021118164,80.22579193115234,45214920712,56725,401137
401209,03,03,12.876440048217773,80.2266616821289,45214920712,56736,401209
401284,03,03,12.876449584960938,80.22686004638672,45214920712,56746,401284
401359,03,03,12.876580238342285,80.2269287109375,45214920712,56756,401359
401432,03,03,12.876839637756348,80.22688293457031,45214920712,56766,401432
401503,03,03,12.877490043640137,80.22682189941406,45214920712,56776,401503
401576,03,03,12.878439903259277,80.22673797607422,45214920712,56786,401576
401652,03,03,12.879579544067383,80.22666931152344,45214920712,56796,401652
401723,03,03,12.880809783935547,80.22664642333984,45214920712,56806,401723
401794,03,03,12.882060050964355,80.22663879394531,45214920712,56816,401794
401868,03,03,12.88329029083252,80.22663116455078,45214920712,56826,401868
401944,03,03,12.884469985961914,80.22662353515625,45214920712,56836,401944
402024,03,03,12.885199546813965,80.22662353515625,45214920712,56847,402024
402094,03,03,12.885299682617188,80.22663879394531,45214920712,56857,402094
402169,03,03,12.88582992553711,80.22676086425781,45214920712,56867,402169
402245,03,03,12.886639595031738,80.22698211669922,45214920712,56877,402245
402315,03,03,12.887630462646484,80.2271728515625,45214920712,56887,402315
402386,03,03,12.888779640197754,80.22725677490234,45214920712,56897,402386
402467,03,03,12.890009880065918,80.22725677490234,45214920712,56907,402467
402540,03,03,12.891209602355957,80.22724914550781,45214920712,56917,402540
402615,03,03,12.892350196838379,80.2272720336914,45214920712,56927,402615
402682,03,03,12.893460273742676,80.22738647460938,45214920712,56937,402682
402766,03,03,12.894120216369629,80.22746276855469,45214920712,56948,402766
402835,03,03,12.89430046081543,80.22747802734375,45214920712,56958,402835
402914,03,03,12.894949913024902,80.22752380371094,45214920712,56968,402914
402989,03,03,12.895669937133789,80.22756958007812,45214920712,56978,402989
403058,03,03,12.896650314331055,80.22760009765625,45214920712,56988,403058
403129,03,03,12.897749900817871,80.2276611328125,45214920712,56998,403129
403206,03,03,12.89877986907959,80.22772979736328,45214920712,57008,403206
403283,03,03,12.899809837341309,80.227783203125,45214920712,57018,403283
403358,03,03,12.900489807128906,80.22779083251953,45214920712,57028,403358
403431,03,03,12.900589942932129,80.22779846191406,45214920712,57038,403431
403505,03,03,12.900589942932129,80.22779846191406,45214920712,57048,403505
403581,03,03,12.900589942932129,80.22779846191406,45214920712,57059,403581
403652,03,03,12.900589942932129,80.22779846191406,45214920712,57069,403652
403728,03,03,12.900589942932129,80.22779846191406,45214920712,57079,403728
403804,03,03,12.900589942932129,80.22779846191406,45214920712,57089,403804
403876,03,03,12.900670051574707,80.22783660888672,45214920712,57099,403876
403951,03,03,12.901069641113281,80.2278823852539,45214920712,57109,403951
404017,03,03,12.901659965515137,80.22791290283203,45214920712,57119,404017
404093,03,03,12.902299880981445,80.22789764404297,45214920712,57129,404093
404164,03,03,12.902350425720215,80.22791290283203,45214920712,57139,404164
404237,03,03,12.902350425720215,80.22791290283203,45214920712,57149,404237
404318,03,03,12.902759552001953,80.22795867919922,45214920712,57160,404318
404390,03,03,12.903440475463867,80.22798919677734,45214920712,57170,404390
404462,03,03,12.904350280761719,80.22804260253906,45214920712,57180,404462
404542,03,03,12.905280113220215,80.22808074951172,45214920712,57190,404542
404612,03,03,12.905570030212402,80.22807312011719,45214920712,57200,404612
404688,03,03,12.905570030212402,80.22807312011719,45214920712,57210,404688
404762,03,03,12.9056396484375,80.22804260253906,45214920712,57220,404762
404828,03,03,12.906000137329102,80.2280502319336,45214920712,57230,404828
404901,03,03,12.906310081481934,80.22808074951172,45214920712,57240,404901
404977,03,03,12.906749725341797,80.2281265258789,45214920712,57250,404977
405058,03,03,12.906940460205078,80.22815704345703,45214920712,57261,405058
405130,03,03,12.907429695129395,80.22823333740234,45214920712,57271,405130
405205,03,03,12.90824031829834,80.22836303710938,45214920712,57281,405205
405281,03,03,12.909279823303223,80.2285385131836,45214920712,57291,405281
405354,03,03,12.91055965423584,80.228759765625,45214920712,57301,405354
405427,03,03,12.911919593811035,80.22897338867188,45214920712,57311,405427
405499,03,03,12.913020133972168,80.22913360595703,45214920712,57321,405499
405571,03,03,12.913860321044922,80.22921752929688,45214920712,57331,405571
405644,03,03,12.913920402526855,80.22924041748047,45214920712,57341,405644
405725,03,03,12.91427993774414,80.22930908203125,45214920712,57351,405725
405795,03,03,12.915040016174316,80.22940826416016,45214920712,57361,405795
405868,03,03,12.916179656982422,80.22958374023438,45214920712,57372,405868
405943,03,03,12.917280197143555,80.229736328125,45214920712,57382,405943
406018,03,03,12.918359756469727,80.2298812866211,45214920712,57392,406018
406094,03,03,12.919210433959961,80.22998046875,45214920712,57402,406094
406169,03,03,12.919309616088867,80.2300033569336,45214920712,57412,406169
406242,03,03,12.919870376586914,80.23007202148438,45214920712,57422,406242
406310,03,03,12.920769691467285,80.23017883300781,45214920712,57432,406310
406391,03,03,12.921899795532227,80.23033905029297,45214920712,57442,406391
406461,03,03,12.92311954498291,80.23052978515625,45214920712,57452,406461
406541,03,03,12.924420356750488,80.230712890625,45214920712,57462,406541
406614,03,03,12.925740242004395,80.23085021972656,45214920712,57472,406614
406692,03,03,12.92632007598877,80.23091888427734,45214920712,57483,406692
406764,03,03,12.926469802856445,80.23094177246094,45214920712,57493,406764
406843,03,03,12.92710018157959,80.23101043701172,45214920712,57503,406843
406918,03,03,12.928019523620605,80.23111724853516,45214920712,57513,406918
406996,03,03,12.928770065307617,80.23124694824219,45214920712,57523,406996
407064,03,03,12.929619789123535,80.2314224243164,45214920712,57533,407064
407145,03,03,12.930680274963379,80.23168182373047,45214920712,57543,407145
407220,03,03,12.931739807128906,80.23201751708984,45214920712,57553,407220
407291,03,03,12.932519912719727,80.2322769165039,45214920712,57563,407291
407370,03,03,12.933349609375,80.23258972167969,45214920712,57573,407370
407445,03,03,12.933639526367188,80.23271942138672,45214920712,57584,407445
407520,03,03,12.933639526367188,80.23271942138672,45214920712,57594,407520
407594,03,03,12.933979988098145,80.2328872680664,45214920712,57604,407594
407672,03,03,12.934709548950195,80.23320770263672,45214920712,57614,407672
407745,03,03,12.935400009155273,80.23352813720703,45214920712,57624,407745
407823,03,03,12.935640335083008,80.233642578125,45214920712,57634,407823
407895,03,03,12.935680389404297,80.23365783691406,45214920712,57644,407895
407974,03,03,12.93610954284668,80.23385620117188,45214920712,57654,407974
408051,03,03,12.936869621276855,80.2342300415039,45214920712,57664,408051
408121,03,03,12.937820434570312,80.23468017578125,45214920712,57674,408121
408199,03,03,12.938920021057129,80.2352066040039,45214920712,57685,408199
408273,03,03,12.939499855041504,80.23552703857422,45214920712,57695,408273
408348,03,03,12.939510345458984,80.23552703857422,45214920712,57705,408348
408423,03,03,12.939820289611816,80.23565673828125,45214920712,57715,408423
408499,03,03,12.940560340881348,80.23590087890625,45214920712,57725,408499
408577,03,03,12.941550254821777,80.23616027832031,45214920712,57735,408577
408650,03,03,12.942700386047363,80.23654174804688,45214920712,57745,408650
408726,03,03,12.943490028381348,80.23709869384766,45214920712,57755,408726
408803,03,03,12.943619728088379,80.23722076416016,45214920712,57765,408803
408878,03,03,12.943719863891602,80.23735046386719,45214920712,57775,408878
408957,03,03,12.944219589233398,80.23789978027344,45214920712,57786,408957
409033,03,03,12.944899559020996,80.23863983154297,45214920712,57796,409033
409107,03,03,12.945819854736328,80.2393569946289,45214920712,57806,409107
409181,03,03,12.946920394897461,80.23982238769531,45214920712,57816,409181
409256,03,03,12.947290420532227,80.23995971679688,45214920712,57826,409256
409329,03,03,12.947580337524414,80.24006652832031,45214920712,57836,409329
409403,03,03,12.948269844055176,80.24037170410156,45214920712,57846,409403
409480,03,03,12.948840141296387,80.2406005859375,45214920712,57856,409480
409550,03,03,12.94884967803955,80.2406005859375,45214920712,57866,409550
409628,03,03,12.94884967803955,80.2406005859375,45214920712,57876,409628
409703,03,03,12.94884967803955,80.2406005859375,45214920712,57886,409703
409779,03,03,12.94884967803955,80.2406005859375,45214920712,57897,409779
409855,03,03,12.948880195617676,80.24063873291016,45214920712,57907,409855
409930,03,03,12.949310302734375,80.24079895019531,45214920712,57917,409930
410002,03,03,12.950119972229004,80.24105834960938,45214920712,57927,410002
410077,03,03,12.951000213623047,80.2413101196289,45214920712,57937,410077
410153,03,03,12.951140403747559,80.24136352539062,45214920712,57947,410153
410231,03,03,12.951279640197754,80.24140167236328,45214920712,57957,410231
410303,03,03,12.95186996459961,80.24160766601562,45214920712,57967,410303
410381,03,03,12.952580451965332,80.24188232421875,45214920712,57977,410381
410454,03,03,12.953350067138672,80.24221801757812,45214920712,57987,410454
410532,03,03,12.954449653625488,80.2426528930664,45214920712,57998,410532
410605,03,03,12.955269813537598,80.24292755126953,45214920712,58008,410605
410679,03,03,12.955920219421387,80.24313354492188,45214920712,58017,410679
410756,03,03,12.95637035369873,80.24330139160156,45214920712,58028,410756
410831,03,03,12.956720352172852,80.24346160888672,45214920712,58038,410831
410904,03,03,12.957449913024902,80.24384307861328,45214920712,58048,410904
410978,03,03,12.958379745483398,80.2442398071289,45214920712,58058,410978
411055,03,03,12.958680152893066,80.24439239501953,45214920712,58068,411055
411129,03,03,12.958849906921387,80.24446868896484,45214920712,58078,411129
411207,03,03,12.959420204162598,80.24475860595703,45214920712,58088,411207
411284,03,03,12.960390090942383,80.24520874023438,45214920712,58099,411284
411359,03,03,12.961520195007324,80.2457275390625,45214920712,58109,411359
411434,03,03,12.96265983581543,80.24626159667969,45214920712,58119,411434
411510,03,03,12.962929725646973,80.24640655517578,45214920712,58129,411510
411584,03,03,12.962929725646973,80.24640655517578,45214920712,58139,411584
411661,03,03,12.962929725646973,80.24640655517578,45214920712,58149,411661
411736,03,03,12.963109970092773,80.24649810791016,45214920712,58159,411736
411810,03,03,12.96362018585205,80.24677276611328,45214920712,58169,411810
411888,03,03,12.964329719543457,80.24703979492188,45214920712,58179,411888
411964,03,03,12.96498966217041,80.24726867675781,45214920712,58189,411964
412037,03,03,12.965880393981934,80.2475814819336,45214920712,58199,412037
412115,03,03,12.966779708862305,80.24797821044922,45214920712,58210,412115
412195,03,03,12.967260360717773,80.24815368652344,45214920712,58220,412195
412265,03,03,12.96796989440918,80.24845123291016,45214920712,58230,412265
412343,03,03,12.968910217285156,80.24884796142578,45214920712,58240,412343
412416,03,03,12.969989776611328,80.2492904663086,45214920712,58250,412416
412492,03,03,12.97107982635498,80.24967956542969,45214920712,58260,412492
412568,03,03,12.972249984741211,80.25,45214920712,58270,412568
412631,03,03,12.973340034484863,80.25025939941406,45214920712,58279,412631
412704,03,03,12.974379539489746,80.25055694580078,45214920712,58289,412704
412784,03,03,12.975669860839844,80.2509536743164,45214920712,58300,412784
412864,03,03,12.97700023651123,80.2513198852539,45214920712,58311,412864
412934,03,03,12.978010177612305,80.25199127197266,45214920712,58321,412934
413013,03,03,12.979060173034668,80.25257110595703,45214920712,58331,413013
413086,03,03,12.97996997833252,80.25238800048828,45214920712,58341,413086
413159,03,03,12.979990005493164,80.25228118896484,45214920712,58351,413159
413233,03,03,12.980010032653809,80.25209045410156,45214920712,58361,413233
413307,03,03,12.980199813842773,80.25154876708984,45214920712,58371,413307
413382,03,03,12.980469703674316,80.25064086914062,45214920712,58381,413382
413456,03,03,12.98069953918457,80.24944305419922,45214920712,58391,413456
413530,03,03,12.980819702148438,80.24803924560547,45214920712,58401,413530
413606,03,03,12.980939865112305,80.24667358398438,45214920712,58411,413606
413732,03,03,12.981189727783203,80.24430084228516,45214920712,58428,413732
413820,03,03,12.98134994506836,80.24340057373047,45214920712,58440,413820
413895,03,03,12.981369972229004,80.24301147460938,45214920712,58450,413895
413967,03,03,12.981389999389648,80.24259185791016,45214920712,58460,413967
414032,03,03,12.981369972229004,80.241943359375,45214920712,58469,414032
414106,03,03,12.98136043548584,80.24089050292969,45214920712,58479,414106
414191,03,03,12.981329917907715,80.23988342285156,45214920712,58490,414191
414263,03,03,12.98132038116455,80.23973846435547,45214920712,58500,414263
414338,03,03,12.98132038116455,80.23973846435547,45214920712,58510,414338
414416,03,03,12.98132038116455,80.23973846435547,45214920712,58521,414416
414492,03,03,12.98132038116455,80.23973846435547,45214920712,58531,414492
414567,03,03,12.98132038116455,80.23966217041016,45214920712,58541,414567
414642,03,03,12.98130989074707,80.23919677734375,45214920712,58551,414642
414717,03,03,12.981280326843262,80.23837280273438,45214920712,58561,414717
414795,03,03,12.981269836425781,80.23792266845703,45214920712,58571,414795
414869,03,03,12.981269836425781,80.23792266845703,45214920712,58581,414869
414944,03,03,12.981260299682617,80.23755645751953,45214920712,58591,414944
415016,03,03,12.981240272521973,80.23681640625,45214920712,58601,415016
415092,03,03,12.981220245361328,80.2361068725586,45214920712,58611,415092
415172,03,03,12.981200218200684,80.23545837402344,45214920712,58622,415172
415245,03,03,12.981180191040039,80.2346420288086,45214920712,58632,415245
415321,03,03,12.981229782104492,80.23423767089844,45214920712,58642,415321
415399,03,03,12.981289863586426,80.23406219482422,45214920712,58652,415399
415471,03,03,12.98153018951416,80.2335433959961,45214920712,58662,415471
415545,03,03,12.981639862060547,80.23332214355469,45214920712,58672,415545
415623,03,03,12.981780052185059,80.23307800292969,45214920712,58682,415623
415696,03,03,12.981989860534668,80.23248291015625,45214920712,58692,415696
415768,03,03,12.982000350952148,80.23197937011719,45214920712,58702,415768
415844,03,03,12.98190975189209,80.23127746582031,45214920712,58712,415844
415917,03,03,12.981719970703125,80.23075103759766,45214920712,58722,415917
415996,03,03,12.981180191040039,80.2298583984375,45214920712,58733,415996
416070,03,03,12.980799674987793,80.229248046875,45214920712,58743,416070
416145,03,03,12.980620384216309,80.22899627685547,45214920712,58753,416145
416220,03,03,12.980569839477539,80.22891998291016,45214920712,58763,416220
416291,03,03,12.98031997680664,80.22846984863281,45214920712,58773,416291
416365,03,03,12.979990005493164,80.22783660888672,45214920712,58783,416365
416439,03,03,12.979519844055176,80.2270736694336,45214920712,58793,416439
416516,03,03,12.979089736938477,80.22635650634766,45214920712,58803,416516
416591,03,03,12.978699684143066,80.22572326660156,45214920712,58813,416591
416664,03,03,12.978289604187012,80.22503662109375,45214920712,58823,416664
416741,03,03,12.977879524230957,80.2244873046875,45214920712,58834,416741
416808,03,03,12.977609634399414,80.22400665283203,45214920712,58843,416808
416888,03,03,12.97716999053955,80.22328186035156,45214920712,58854,416888
416959,03,03,12.976949691772461,80.2227783203125,45214920712,58864,416959
417035,03,03,12.977259635925293,80.22271728515625,45214920712,58874,417035
417110,03,03,12.977259635925293,80.22271728515625,45214920712,58884,417110
417181,03,03,12.977499961853027,80.22270202636719,45214920712,58894,417181
417258,03,03,12.977510452270508,80.22218322753906,45214920712,58904,417258
417331,03,03,12.977479934692383,80.22145080566406,45214920712,58914,417331
417403,03,03,12.977470397949219,80.2213134765625,45214920712,58924,417403
417483,03,03,12.97776985168457,80.22120666503906,45214920712,58935,417483
417560,03,03,12.978400230407715,80.22119903564453,45214920712,58945,417560
417637,03,03,12.97931957244873,80.22113800048828,45214920712,58955,417637
417709,03,03,12.980330467224121,80.22106170654297,45214920712,58965,417709
417782,03,03,12.981280326843262,80.22115325927734,45214920712,58975,417782
417859,03,03,12.981760025024414,80.22145080566406,45214920712,58985,417859
417929,03,03,12.982379913330078,80.22178649902344,45214920712,58995,417929
418009,03,03,12.982879638671875,80.2219467163086,45214920712,59005,418009
418083,03,03,12.982979774475098,80.22197723388672,45214920712,59015,418083
418150,03,03,12.983180046081543,80.22209167480469,45214920712,59025,418150
418230,03,03,12.983599662780762,80.22239685058594,45214920712,59035,418230
418308,03,03,12.984339714050293,80.22283935546875,45214920712,59046,418308
418383,03,03,12.985139846801758,80.2232666015625,45214920712,59056,418383
418460,03,03,12.985679626464844,80.22309875488281,45214920712,59066,418460
418534,03,03,12.986319541931152,80.22296905517578,45214920712,59076,418534
418607,03,03,12.986499786376953,80.22296142578125,45214920712,59086,418607
418678,03,03,12.986599922180176,80.22296142578125,45214920712,59096,418678
418750,03,03,12.987019538879395,80.22305297851562,45214920712,59106,418750
418828,03,03,12.987070083618164,80.22306060791016,45214920712,59116,418828
418903,03,03,12.98723030090332,80.22309112548828,45214920712,59126,418903
418979,03,03,12.987649917602539,80.22309112548828,45214920712,59136,418979
419053,03,03,12.988240242004395,80.22276306152344,45214920712,59147,419053
419126,03,03,12.988690376281738,80.22234344482422,45214920712,59157,419126
419201,03,03,12.989139556884766,80.22183227539062,45214920712,59167,419201
419277,03,03,12.989660263061523,80.2211685180664,45214920712,59177,419277
419350,03,03,12.99032974243164,80.22051239013672,45214920712,59187,419350
419426,03,03,12.990480422973633,80.22039031982422,45214920712,59197,419426
419504,03,03,12.990519523620605,80.22035217285156,45214920712,59207,419504
419573,03,03,12.990819931030273,80.22010040283203,45214920712,59217,419573
419648,03,03,12.991299629211426,80.2197494506836,45214920712,59227,419648
419723,03,03,12.991419792175293,80.21967315673828,45214920712,59237,419723
419804,03,03,12.991900444030762,80.21929931640625,45214920712,59248,419804
419878,03,03,12.992620468139648,80.21878051757812,45214920712,59258,419878
419954,03,03,12.993439674377441,80.21817779541016,45214920712,59268,419954
420029,03,03,12.994199752807617,80.2176513671875,45214920712,59278,420029
420101,03,03,12.994370460510254,80.217529296875,45214920712,59288,420101
420190,03,03,12.994460105895996,80.21746826171875,45214920712,59298,420190
420263,03,03,12.994709968566895,80.21727752685547,45214920712,59308,420263
420335,03,03,12.995030403137207,80.21707153320312,45214920712,59318,420335
420412,03,03,12.99545955657959,80.2168197631836,45214920712,59328,420412
420489,03,03,12.996129989624023,80.21659851074219,45214920712,59338,420489
420558,03,03,12.99666976928711,80.21652221679688,45214920712,59348,420558
420642,03,03,12.99701976776123,80.2164535522461,45214920712,59359,420642
420712,03,03,12.997389793395996,80.2162094116211,45214920712,59369,420712
420791,03,03,12.997540473937988,80.2160873413086,45214920712,59379,420791
420862,03,03,12.997540473937988,80.2160873413086,45214920712,59389,420862
420937,03,03,12.99789047241211,80.2158203125,45214920712,59399,420937
421009,03,03,12.99843978881836,80.21534729003906,45214920712,59409,421009
421085,03,03,12.999070167541504,80.2148208618164,45214920712,59419,421085
421161,03,03,12.999349594116211,80.21459197998047,45214920712,59429,421161
421236,03,03,12.999839782714844,80.21417236328125,45214920712,59439,421236
421305,03,03,13.000329971313477,80.2137222290039,45214920712,59449,421305
421386,03,03,13.001119613647461,80.21308135986328,45214920712,59460,421386
421458,03,03,13.001839637756348,80.2125473022461,45214920712,59470,421458
421532,03,03,13.00193977355957,80.21247100830078,45214920712,59480,421532
421607,03,03,13.002129554748535,80.21237182617188,45214920712,59490,421607
421680,03,03,13.002639770507812,80.21215057373047,45214920712,59500,421680
421748,03,03,13.003270149230957,80.21211242675781,45214920712,59510,421748
421824,03,03,13.003660202026367,80.21196746826172,45214920712,59520,421824
421899,03,03,13.003680229187012,80.21172332763672,45214920712,59530,421899
421976,03,03,13.003640174865723,80.2110595703125,45214920712,59540,421976
422048,03,03,13.0035400390625,80.21024322509766,45214920712,59550,422048
422126,03,03,13.003549575805664,80.20928192138672,45214920712,59561,422126
422200,03,03,13.003959655761719,80.2086181640625,45214920712,59571,422200
422275,03,03,13.004830360412598,80.20899963378906,45214920712,59581,422275
422347,03,03,13.005599975585938,80.20934295654297,45214920712,59591,422347
422421,03,03,13.006179809570312,80.20954132080078,45214920712,59601,422421
422496,03,03,13.006779670715332,80.20974731445312,45214920712,59611,422496
422569,03,03,13.007229804992676,80.20983123779297,45214920712,59621,422569
422643,03,03,13.00728988647461,80.2098388671875,45214920712,59631,422643
422719,03,03,13.00728988647461,80.2098388671875,45214920712,59641,422719
422792,03,03,13.00728988647461,80.2098388671875,45214920712,59651,422792
422867,03,03,13.007479667663574,80.20989227294922,45214920712,59662,422867
422940,03,03,13.007909774780273,80.20997619628906,45214920712,59672,422940
423015,03,03,13.008199691772461,80.20982360839844,45214920712,59682,423015
423089,03,03,13.008020401000977,80.2091064453125,45214920712,59692,423089
423159,03,03,13.007880210876465,80.20822143554688,45214920712,59702,423159
423234,03,03,13.007740020751953,80.20735931396484,45214920712,59712,423234
423306,03,03,13.00763988494873,80.20681762695312,45214920712,59722,423306
423384,03,03,13.007559776306152,80.20635223388672,45214920712,59732,423384
423459,03,03,13.007479667663574,80.20530700683594,45214920712,59742,423459
423533,03,03,13.007490158081055,80.20440673828125,45214920712,59752,423533
423608,03,03,13.007430076599121,80.20353698730469,45214920712,59762,423608
423688,03,03,13.00706958770752,80.2025375366211,45214920712,59773,423688
423762,03,03,13.006509780883789,80.20291900634766,45214920712,59783,423762
423837,03,03,13.006959915161133,80.20343017578125,45214920712,59793,423837
423909,03,03,13.00767993927002,80.20368194580078,45214920712,59803,423909
423982,03,03,13.008709907531738,80.20369720458984,45214920712,59813,423982
424054,03,03,13.009949684143066,80.20364379882812,45214920712,59823,424054
424123,03,03,13.011240005493164,80.20368957519531,45214920712,59833,424123
424199,03,03,13.012519836425781,80.20391082763672,45214920712,59843,424199
424302,03,03,13.013620376586914,80.20423889160156,45214920712,59859,424302
424414,03,03,13.013710021972656,80.20442199707031,45214920712,59872,424414
424494,03,03,13.013640403747559,80.2046890258789,45214920712,59883,424494
424561,03,03,13.01360034942627,80.20475006103516,45214920712,59893,424561
424643,03,03,13.013449668884277,80.20519256591797,45214920712,59903,424643
424719,03,03,13.013199806213379,80.20597839355469,45214920712,59913,424719
424783,03,03,13.013039588928223,80.20681762695312,45214920712,59923,424783
424865,03,03,13.012980461120605,80.20752716064453,45214920712,59933,424865
424940,03,03,13.012909889221191,80.20818328857422,45214920712,59943,424940
425013,03,03,13.012909889221191,80.20863342285156,45214920712,59953,425013
425085,03,03,13.013010025024414,80.20922088623047,45214920712,59963,425085
425158,03,03,13.013239860534668,80.20990753173828,45214920712,59973,425158
425238,03,03,13.013099670410156,80.2108383178711,45214920712,59984,425238
425310,03,03,13.012619972229004,80.21183013916016,45214920712,59994,425310
425382,03,03,13.012040138244629,80.21270751953125,45214920712,60004,425382
425508,03,03,13.011420249938965,80.21259307861328,45214920712,60023,425508
425608,03,03,13.010519981384277,80.21192169189453,45214920712,60035,425608
425659,03,03,13.009989738464355,80.21148681640625,45214920712,60043,425659
425755,03,03,13.009770393371582,80.21135711669922,45214920712,60055,425755
425824,03,03,13.009770393371582,80.21135711669922,45214920712,60065,425824
425903,03,03,13.009770393371582,80.21135711669922,45214920712,60075,425903
425975,03,03,13.009770393371582,80.21135711669922,45214920712,60085,425975
426054,03,03,13.009770393371582,80.21135711669922,45214920712,60096,426054
426126,03,03,13.009499549865723,80.21114349365234,45214920712,60106,426126
426202,03,03,13.009499549865723,80.21114349365234,45214920712,60116,426202
426274,03,03,13.009499549865723,80.21114349365234,45214920712,60126,426274
426349,03,03,13.009499549865723,80.21114349365234,45214920712,60136,426349
426422,03,03,13.009499549865723,80.21114349365234,45214920712,60146,426422
426491,03,03,13.009499549865723,80.21114349365234,45214920712,60155,426491
426564,03,03,13.009499549865723,80.21114349365234,45214920712,60165,426564
426641,03,03,13.009499549865723,80.21114349365234,45214920712,60176,426641
426720,03,03,13.009499549865723,80.21114349365234,45214920712,60187,426720
426793,03,03,13.009499549865723,80.21114349365234,45214920712,60197,426793
426866,03,03,13.009499549865723,80.21114349365234,45214920712,60207,426866
426940,03,03,13.009499549865723,80.21114349365234,45214920712,60217,426940
427014,03,03,13.009499549865723,80.21114349365234,45214920712,60227,427014
427086,03,03,13.009499549865723,80.21114349365234,45214920712,60237,427086
427162,03,03,13.009499549865723,80.21114349365234,45214920712,60247,427162
427235,03,03,13.009499549865723,80.21114349365234,45214920712,60257,427235
427309,03,03,13.009499549865723,80.21114349365234,45214920712,60267,427309
427387,03,03,13.009499549865723,80.21114349365234,45214920712,60277,427387
427454,03,03,13.009499549865723,80.21114349365234,45214920712,60287,427454
427541,03,03,13.009499549865723,80.21114349365234,45214920712,60298,427541
427612,03,03,13.009499549865723,80.21114349365234,45214920712,60308,427612
427689,03,03,13.009499549865723,80.21114349365234,45214920712,60318,427689
427763,03,03,13.009499549865723,80.21114349365234,45214920712,60328,427763
427833,03,03,13.009499549865723,80.21114349365234,45214920712,60338,427833
427908,03,03,13.009499549865723,80.21114349365234,45214920712,60348,427908
427984,03,03,13.009499549865723,80.21114349365234,45214920712,60358,427984
428057,03,03,13.009499549865723,80.21114349365234,45214920712,60368,428057
428130,03,03,13.009499549865723,80.21114349365234,45214920712,60378,428130
428209,03,03,13.009499549865723,80.21114349365234,45214920712,60388,428209
428289,03,03,13.009499549865723,80.21114349365234,45214920712,60399,428289
428367,03,03,13.009499549865723,80.21114349365234,45214920712,60409,428367
428437,03,03,13.009499549865723,80.21114349365234,45214920712,60419,428437
428514,03,03,13.009499549865723,80.21114349365234,45214920712,60429,428514
428590,03,03,13.009499549865723,80.21114349365234,45214920712,60439,428590
428665,03,03,13.009499549865723,80.21114349365234,45214920712,60449,428665
428736,03,03,13.009499549865723,80.21114349365234,45214920712,60459,428736
428811,03,03,13.009499549865723,80.21114349365234,45214920712,60469,428811
428889,03,03,13.009499549865723,80.21114349365234,45214920712,60479,428889
428964,03,03,13.009499549865723,80.21114349365234,45214920712,60489,428964
429037,03,03,13.009499549865723,80.21114349365234,45214920712,60499,429037
429117,03,03,13.009499549865723,80.21114349365234,45214920712,60510,429117
429188,03,03,13.009499549865723,80.21114349365234,45214920712,60520,429188
429266,03,03,13.009499549865723,80.21114349365234,45214920712,60530,429266
429339,03,03,13.009499549865723,80.21114349365234,45214920712,60540,429339
429412,03,03,13.009499549865723,80.21114349365234,45214920712,60550,429412
429485,03,03,13.009499549865723,80.21114349365234,45214920712,60560,429485
429559,03,03,13.009499549865723,80.21114349365234,45214920712,60570,429559
429630,03,03,13.009499549865723,80.21114349365234,45214920712,60580,429630
429701,03,03,13.009499549865723,80.21114349365234,45214920712,60590,429701
429772,03,03,13.009499549865723,80.21114349365234,45214920712,60600,429772
429850,03,03,13.009499549865723,80.21114349365234,45214920712,60611,429850
429925,03,03,13.009499549865723,80.21114349365234,45214920712,60621,429925
429999,03,03,13.009499549865723,80.21114349365234,45214920712,60631,429999
430073,03,03,13.009499549865723,80.21114349365234,45214920712,60641,430073
430150,03,03,13.009499549865723,80.21114349365234,45214920712,60651,430150
430224,03,03,13.009499549865723,80.21114349365234,45214920712,60661,430224
430299,03,03,13.009499549865723,80.21114349365234,45214920712,60671,430299
430370,03,03,13.009499549865723,80.21114349365234,45214920712,60681,430370
430446,03,03,13.009499549865723,80.21114349365234,45214920712,60691,430446
430521,03,03,13.009499549865723,80.21114349365234,45214920712,60701,430521
430599,03,03,13.009499549865723,80.21114349365234,45214920712,60712,430599
430674,03,03,13.009499549865723,80.21114349365234,45214920712,60722,430674
430752,03,03,13.009499549865723,80.21114349365234,45214920712,60732,430752
430824,03,03,13.009499549865723,80.21114349365234,45214920712,60742,430824
430896,03,03,13.009499549865723,80.21114349365234,45214920712,60752,430896
430970,03,03,13.009499549865723,80.21114349365234,45214920712,60762,430970
431043,03,03,13.009499549865723,80.21114349365234,45214920712,60772,431043
431118,03,03,13.009499549865723,80.21114349365234,45214920712,60782,431118
431186,03,03,13.009499549865723,80.21114349365234,45214920712,60792,431186
431260,03,03,13.009499549865723,80.21114349365234,45214920712,60802,431260
431336,03,03,13.009499549865723,80.21114349365234,45214920712,60813,431336
431412,03,03,13.009499549865723,80.21114349365234,45214920712,60823,431412
431488,03,03,13.009499549865723,80.21114349365234,45214920712,60833,431488
431563,03,03,13.009499549865723,80.21114349365234,45214920712,60843,431563
431635,03,03,13.009499549865723,80.21114349365234,45214920712,60853,431635
431707,03,03,13.009499549865723,80.21114349365234,45214920712,60863,431707
431782,03,03,13.009499549865723,80.21114349365234,45214920712,60873,431782
431857,03,03,13.009499549865723,80.21114349365234,45214920712,60883,431857
431929,03,03,13.009499549865723,80.21114349365234,45214920712,60893,431929
432007,03,03,13.009499549865723,80.21114349365234,45214920712,60903,432007
432082,03,03,13.009499549865723,80.21114349365234,45214920712,60913,432082
432161,03,03,13.009499549865723,80.21114349365234,45214920712,60924,432161
432230,03,03,13.009499549865723,80.21114349365234,45214920712,60934,432230
432304,03,03,13.009499549865723,80.21114349365234,45214920712,60944,432304
432380,03,03,13.009499549865723,80.21114349365234,45214920712,60954,432380
432457,03,03,13.009499549865723,80.21114349365234,45214920712,60964,432457
432526,03,03,13.009499549865723,80.21114349365234,45214920712,60974,432526
432600,03,03,13.009499549865723,80.21114349365234,45214920712,60984,432600
432673,03,03,13.009499549865723,80.21114349365234,45214920712,60994,432673
432748,03,03,13.009499549865723,80.21114349365234,45214920712,61004,432748
432822,03,03,13.009499549865723,80.21114349365234,45214920712,61014,432822
432898,03,03,13.009499549865723,80.21114349365234,45214920712,61025,432898
432974,03,03,13.009499549865723,80.21114349365234,45214920712,61035,432974
433050,03,03,13.009499549865723,80.21114349365234,45214920712,61045,433050
433127,03,03,13.009499549865723,80.21114349365234,45214920712,61055,433127
433201,03,03,13.009499549865723,80.21114349365234,45214920712,61065,433201
433274,03,03,13.009499549865723,80.21114349365234,45214920712,61075,433274
433351,03,03,13.009499549865723,80.21114349365234,45214920712,61085,433351
433422,03,03,13.009499549865723,80.21114349365234,45214920712,61095,433422
433499,03,03,13.009499549865723,80.21114349365234,45214920712,61105,433499
433568,03,03,13.009499549865723,80.21114349365234,45214920712,61115,433568
433649,03,03,13.009499549865723,80.21114349365234,45214920712,61126,433649
433723,03,03,13.009499549865723,80.21114349365234,45214920712,61136,433723
433794,03,03,13.009499549865723,80.21114349365234,45214920712,61146,433794
433866,03,03,13.009499549865723,80.21114349365234,45214920712,61156,433866
433945,03,03,13.009499549865723,80.21114349365234,45214920712,61166,433945
434015,03,03,13.009499549865723,80.21114349365234,45214920712,61176,434015
434091,03,03,13.009499549865723,80.21114349365234,45214920712,61186,434091
434161,03,03,13.009499549865723,80.21114349365234,45214920712,61196,434161
434232,03,03,13.009499549865723,80.21114349365234,45214920712,61206,434232
434304,03,03,13.009499549865723,80.21114349365234,45214920712,61216,434304
434383,03,03,13.009499549865723,80.21114349365234,45214920712,61226,434383
434459,03,03,13.009499549865723,80.21114349365234,45214920712,61237,434459
434531,03,03,13.009499549865723,80.21114349365234,45214920712,61247,434531
434602,03,03,13.009499549865723,80.21114349365234,45214920712,61257,434602
434674,03,03,13.009499549865723,80.21114349365234,45214920712,61267,434674
434755,03,03,13.009499549865723,80.21114349365234,45214920712,61277,434755
434827,03,03,13.009499549865723,80.21114349365234,45214920712,61287,434827
434898,03,03,13.009499549865723,80.21114349365234,45214920712,61297,434898
434971,03,03,13.009499549865723,80.21114349365234,45214920712,61307,434971
435049,03,03,13.009499549865723,80.21114349365234,45214920712,61317,435049
435126,03,03,13.009499549865723,80.21114349365234,45214920712,61327,435126
435204,03,03,13.009499549865723,80.21114349365234,45214920712,61338,435204
435276,03,03,13.009499549865723,80.21114349365234,45214920712,61348,435276
435352,03,03,13.009499549865723,80.21114349365234,45214920712,61358,435352
435422,03,03,13.009499549865723,80.21114349365234,45214920712,61368,435422
435497,03,03,13.009499549865723,80.21114349365234,45214920712,61378,435497
435576,03,03,13.009499549865723,80.21114349365234,45214920712,61388,435576
435644,03,03,13.009499549865723,80.21114349365234,45214920712,61398,435644
435718,03,03,13.009499549865723,80.21114349365234,45214920712,61408,435718
435797,03,03,13.009499549865723,80.21114349365234,45214920712,61418,435797
435869,03,03,13.009499549865723,80.21114349365234,45214920712,61428,435869
435941,03,03,13.009269714355469,80.21125030517578,45214920712,61438,435941
436017,03,03,13.009160041809082,80.2114028930664,45214920712,61449,436017
436090,03,03,13.009149551391602,80.21141815185547,45214920712,61459,436090
436163,03,03,13.00905990600586,80.21174621582031,45214920712,61469,436163
436236,03,03,13.009220123291016,80.21221160888672,45214920712,61479,436236
436313,03,03,13.009400367736816,80.21270751953125,45214920712,61489,436313
436384,03,03,13.009599685668945,80.21324157714844,45214920712,61499,436384
436461,03,03,13.009830474853516,80.21382141113281,45214920712,61509,436461
436529,03,03,13.010080337524414,80.21443939208984,45214920712,61519,436529
436605,03,03,13.01021957397461,80.21517944335938,45214920712,61529,436605
436675,03,03,13.01041030883789,80.21598052978516,45214920712,61539,436675
436755,03,03,13.01084041595459,80.21694946289062,45214920712,61550,436755
436829,03,03,13.011280059814453,80.21791076660156,45214920712,61560,436829
436902,03,03,13.011580467224121,80.21869659423828,45214920712,61570,436902
436981,03,03,13.011899948120117,80.21961212158203,45214920712,61580,436981
437054,03,03,13.01222038269043,80.22062683105469,45214920712,61590,437054
437128,03,03,13.01239013671875,80.22138214111328,45214920712,61600,437128
437195,03,03,13.012700080871582,80.22184753417969,45214920712,61610,437195
437272,03,03,13.013139724731445,80.22241973876953,45214920712,61620,437272
437342,03,03,13.013660430908203,80.22303771972656,45214920712,61630,437342
437416,03,03,13.014220237731934,80.2237319946289,45214920712,61640,437416
437496,03,03,13.014900207519531,80.22450256347656,45214920712,61651,437496
437563,03,03,13.015399932861328,80.22515106201172,45214920712,61661,437563
437639,03,03,13.01548957824707,80.22547149658203,45214920712,61671,437639
437713,03,03,13.015399932861328,80.22577667236328,45214920712,61681,437713
437785,03,03,13.015170097351074,80.2259292602539,45214920712,61691,437785
437858,03,03,13.015060424804688,80.22599029541016,45214920712,61701,437858
437929,03,03,13.014969825744629,80.22602081298828,45214920712,61711,437929
438008,03,03,13.0145902633667,80.22615051269531,45214920712,61721,438008
438082,03,03,13.0139799118042,80.22637939453125,45214920712,61731,438082
438157,03,03,13.013219833374023,80.22666931152344,45214920712,61741,438157
438229,03,03,13.012330055236816,80.22702026367188,45214920712,61751,438229
438310,03,03,13.01121997833252,80.22746276855469,45214920712,61762,438310
438378,03,03,13.0101900100708,80.22785186767578,45214920712,61772,438378
438458,03,03,13.009510040283203,80.2276611328125,45214920712,61782,438458
438531,03,03,13.009819984436035,80.2269287109375,45214920712,61792,438531
438605,03,03,13.010199546813965,80.22605895996094,45214920712,61802,438605
438678,03,03,13.010560035705566,80.2252197265625,45214920712,61812,438678
438799,03,03,13.010939598083496,80.22425842285156,45214920712,61828,438799
438885,03,03,13.011190414428711,80.22360229492188,45214920712,61840,438885
438948,03,03,13.011269569396973,80.22338104248047,45214920712,61848,438948
439022,03,03,13.01099967956543,80.22306060791016,45214920712,61859,439022
439113,03,03,13.010430335998535,80.2227783203125,45214920712,61871,439113
439183,03,03,13.010370254516602,80.22274780273438,45214920712,61881,439183
439259,03,03,13.010160446166992,80.2226333618164,45214920712,61891,439259
439334,03,03,13.009639739990234,80.22234344482422,45214920712,61901,439334
439404,03,03,13.008899688720703,80.22193908691406,45214920712,61911,439404
439479,03,03,13.008090019226074,80.22148895263672,45214920712,61921,439479
439551,03,03,13.007200241088867,80.22102355957031,45214920712,61931,439551
439623,03,03,13.006279945373535,80.22061157226562,45214920712,61941,439623
439698,03,03,13.005240440368652,80.22039031982422,45214920712,61951,439698
439778,03,03,13.004659652709961,80.22025299072266,45214920712,61961,439778
439855,03,03,13.004500389099121,80.22020721435547,45214920712,61972,439855
439928,03,03,13.003979682922363,80.22007751464844,45214920712,61982,439928
440003,03,03,13.003219604492188,80.21990203857422,45214920712,61992,440003
440082,03,03,13.002420425415039,80.21949005126953,45214920712,62002,440082
440152,03,03,13.001819610595703,80.21885681152344,45214920712,62012,440152
440228,03,03,13.001420021057129,80.21849060058594,45214920712,62022,440228
440299,03,03,13.000980377197266,80.2181625366211,45214920712,62032,440299
440378,03,03,13.000399589538574,80.2177963256836,45214920712,62042,440378
440451,03,03,12.999839782714844,80.21746826171875,45214920712,62052,440451
440513,03,03,12.999380111694336,80.21720123291016,45214920712,62061,440513
440600,03,03,12.998479843139648,80.21675109863281,45214920712,62073,440600
440676,03,03,12.99783992767334,80.21656799316406,45214920712,62083,440676
440743,03,03,12.997590065002441,80.21653747558594,45214920712,62093,440743
440821,03,03,12.997509956359863,80.2165298461914,45214920712,62103,440821
440893,03,03,12.997509956359863,80.2165298461914,45214920712,62113,440893
440968,03,03,12.997509956359863,80.2165298461914,45214920712,62123,440968
441044,03,03,12.997509956359863,80.2165298461914,45214920712,62133,441044
441116,03,03,12.997509956359863,80.2165298461914,45214920712,62143,441116
441192,03,03,12.997200012207031,80.216552734375,45214920712,62153,441192
441266,03,03,12.996930122375488,80.216552734375,45214920712,62163,441266
441340,03,03,12.99662971496582,80.21656799316406,45214920712,62173,441340
441414,03,03,12.996450424194336,80.21659851074219,45214920712,62184,441414
441491,03,03,12.996159553527832,80.21665954589844,45214920712,62194,441491
441560,03,03,12.995909690856934,80.21671295166016,45214920712,62204,441560
441636,03,03,12.99569034576416,80.21676635742188,45214920712,62214,441636
441709,03,03,12.995599746704102,80.216796875,45214920712,62224,441709
441781,03,03,12.995400428771973,80.21688842773438,45214920712,62234,441781
441859,03,03,12.995389938354492,80.21690368652344,45214920712,62244,441859
441932,03,03,12.995389938354492,80.21690368652344,45214920712,62254,441932
442007,03,03,12.995389938354492,80.21690368652344,45214920712,62264,442007
442082,03,03,12.994990348815918,80.21713256835938,45214920712,62274,442082
442158,03,03,12.99452018737793,80.21746063232422,45214920712,62285,442158
442235,03,03,12.993980407714844,80.21785736083984,45214920712,62295,442235
442309,03,03,12.99332046508789,80.21832275390625,45214920712,62305,442309
442384,03,03,12.992679595947266,80.21878051757812,45214920712,62315,442384
442457,03,03,12.992059707641602,80.21925354003906,45214920712,62325,442457
442531,03,03,12.991510391235352,80.21965789794922,45214920712,62335,442531
442605,03,03,12.991000175476074,80.22000885009766,45214920712,62345,442605
442679,03,03,12.990779876708984,80.22019958496094,45214920712,62355,442679
442752,03,03,12.99071979522705,80.22025299072266,45214920712,62365,442752
442826,03,03,12.990670204162598,80.22029113769531,45214920712,62375,442826
442904,03,03,12.990289688110352,80.22059631347656,45214920712,62386,442904
442978,03,03,12.989749908447266,80.22113800048828,45214920712,62396,442978
443106,03,03,12.989250183105469,80.22176361083984,45214920712,62412,443106
443190,03,03,12.988789558410645,80.2223129272461,45214920712,62424,443190
443263,03,03,12.988300323486328,80.22276306152344,45214920712,62434,443263
443338,03,03,12.987700462341309,80.22310638427734,45214920712,62444,443338
443412,03,03,12.98760986328125,80.2231216430664,45214920712,62454,443412
443481,03,03,12.98760986328125,80.2231216430664,45214920712,62463,443481
443559,03,03,12.98760986328125,80.2231216430664,45214920712,62474,443559
443635,03,03,12.98760986328125,80.2231216430664,45214920712,62484,443635
443716,03,03,12.987339973449707,80.22309875488281,45214920712,62495,443716
443793,03,03,12.987259864807129,80.22309112548828,45214920712,62505,443793
443866,03,03,12.986989974975586,80.22303771972656,45214920712,62515,443866
443940,03,03,12.986559867858887,80.22296142578125,45214920712,62525,443940
444018,03,03,12.985910415649414,80.22299194335938,45214920712,62535,444018
444093,03,03,12.985380172729492,80.22329711914062,45214920712,62545,444093
444164,03,03,12.984950065612793,80.22319793701172,45214920712,62555,444164
444243,03,03,12.984359741210938,80.22286224365234,45214920712,62565,444243
444316,03,03,12.983839988708496,80.22257232666016,45214920712,62575,444316
444394,03,03,12.983400344848633,80.2222671508789,45214920712,62585,444394
444474,03,03,12.983240127563477,80.22216033935547,45214920712,62596,444474
444548,03,03,12.983240127563477,80.22216033935547,45214920712,62606,444548
444621,03,03,12.983240127563477,80.22216033935547,45214920712,62616,444621
444696,03,03,12.983240127563477,80.22216033935547,45214920712,62626,444696
444768,03,03,12.983039855957031,80.22203826904297,45214920712,62636,444768
444847,03,03,12.982810020446777,80.22190856933594,45214920712,62646,444847
444922,03,03,12.982720375061035,80.22187042236328,45214920712,62656,444922
444998,03,03,12.982720375061035,80.22187042236328,45214920712,62666,444998
445072,03,03,12.982549667358398,80.22183990478516,45214920712,62676,445072
445147,03,03,12.98252010345459,80.22183227539062,45214920712,62686,445147
445223,03,03,12.98213005065918,80.22167205810547,45214920712,62696,445223
445301,03,03,12.981679916381836,80.22135925292969,45214920712,62707,445301
445376,03,03,12.98112964630127,80.22107696533203,45214920712,62717,445376
445450,03,03,12.98054027557373,80.22106170654297,45214920712,62727,445450
445528,03,03,12.98009967803955,80.22110748291016,45214920712,62737,445528
445602,03,03,12.979940414428711,80.22110748291016,45214920712,62747,445602
445678,03,03,12.979840278625488,80.22112274169922,45214920712,62757,445678
445753,03,03,12.979840278625488,80.22112274169922,45214920712,62767,445753
445827,03,03,12.979840278625488,80.22112274169922,45214920712,62777,445827
445900,03,03,12.979820251464844,80.22113037109375,45214920712,62787,445900
445978,03,03,12.979439735412598,80.22113800048828,45214920712,62797,445978
446057,03,03,12.978679656982422,80.22119140625,45214920712,62808,446057
446132,03,03,12.977860450744629,80.22122192382812,45214920712,62818,446132
446205,03,03,12.977239608764648,80.22123718261719,45214920712,62828,446205
446281,03,03,12.976479530334473,80.22126007080078,45214920712,62838,446281
446356,03,03,12.976140022277832,80.22148132324219,45214920712,62848,446356
446432,03,03,12.97638988494873,80.2218017578125,45214920712,62858,446432
446504,03,03,12.97638988494873,80.22183227539062,45214920712,62868,446504
446583,03,03,12.97638988494873,80.22183227539062,45214920712,62878,446583
446658,03,03,12.97638988494873,80.22200775146484,45214920712,62888,446658
446738,03,03,12.976590156555176,80.2223129272461,45214920712,62898,446738
446813,03,03,12.976900100708008,80.22279357910156,45214920712,62908,446813
446938,03,03,12.977529525756836,80.2237777709961,45214920712,62925,446938
447025,03,03,12.97815990447998,80.22476959228516,45214920712,62937,447025
447107,03,03,12.978619575500488,80.22551727294922,45214920712,62947,447107
447181,03,03,12.979229927062988,80.2265396118164,45214920712,62957,447181
447249,03,03,12.97974967956543,80.22738647460938,45214920712,62967,447249
447332,03,03,12.980119705200195,80.22799682617188,45214920712,62977,447332
447407,03,03,12.980589866638184,80.2287826538086,45214920712,62987,447407
447471,03,03,12.981019973754883,80.22952270507812,45214920712,62997,447471
447540,03,03,12.981399536132812,80.23008728027344,45214920712,63006,447540
447638,03,03,12.98173999786377,80.23059844970703,45214920712,63018,447638
447708,03,03,12.981800079345703,80.230712890625,45214920712,63028,447708
447775,03,03,12.98196029663086,80.23114013671875,45214920712,63037,447775
447862,03,03,12.982060432434082,80.23184967041016,45214920712,63048,447862
447935,03,03,12.982040405273438,80.23265838623047,45214920712,63058,447935
448016,03,03,12.981780052185059,80.23330688476562,45214920712,63068,448016
448087,03,03,12.981650352478027,80.23358154296875,45214920712,63078,448087
448164,03,03,12.981599807739258,80.23368072509766,45214920712,63088,448164
448237,03,03,12.981410026550293,80.23403930664062,45214920712,63098,448237
448310,03,03,12.981289863586426,80.23442077636719,45214920712,63108,448310
448391,03,03,12.981260299682617,80.2351303100586,45214920712,63119,448391
448464,03,03,12.981280326843262,80.2359390258789,45214920712,63129,448464
448534,03,03,12.98130989074707,80.23689270019531,45214920712,63139,448534
448617,03,03,12.981340408325195,80.23780059814453,45214920712,63149,448617
448687,03,03,12.981340408325195,80.23799896240234,45214920712,63159,448687
448757,03,03,12.98136043548584,80.23858642578125,45214920712,63169,448757
448838,03,03,12.98136043548584,80.23870086669922,45214920712,63179,448838
448911,03,03,12.98136043548584,80.23880004882812,45214920712,63189,448911
448985,03,03,12.981369972229004,80.23930358886719,45214920712,63199,448985
449055,03,03,12.981399536132812,80.24002075195312,45214920712,63209,449055
449133,03,03,12.981399536132812,80.24083709716797,45214920712,63219,449133
449212,03,03,12.981419563293457,80.24183654785156,45214920712,63230,449212
449285,03,03,12.981430053710938,80.2425765991211,45214920712,63240,449285
449363,03,03,12.981419563293457,80.24279022216797,45214920712,63250,449363
449436,03,03,12.981419563293457,80.24285888671875,45214920712,63260,449436
449508,03,03,12.981430053710938,80.24311828613281,45214920712,63270,449508
449582,03,03,12.981419563293457,80.24343872070312,45214920712,63280,449582
449657,03,03,12.981340408325195,80.24405670166016,45214920712,63290,449657
449727,03,03,12.981220245361328,80.2449722290039,45214920712,63300,449727
449805,03,03,12.981060028076172,80.24606323242188,45214920712,63310,449805
449875,03,03,12.980950355529785,80.24722290039062,45214920712,63320,449875
449962,03,03,12.980859756469727,80.24862670898438,45214920712,63331,449962
450031,03,03,12.98069953918457,80.24993133544922,45214920712,63341,450031
450108,03,03,12.980389595031738,80.25110626220703,45214920712,63351,450108
450180,03,03,12.980119705200195,80.25215148925781,45214920712,63361,450180
450257,03,03,12.979960441589355,80.25261688232422,45214920712,63371,450257
450332,03,03,12.979960441589355,80.25263214111328,45214920712,63381,450332
450407,03,03,12.979960441589355,80.25263214111328,45214920712,63391,450407
450472,03,03,12.979960441589355,80.25263214111328,45214920712,63400,450472
450540,03,03,12.979960441589355,80.25263214111328,45214920712,63410,450540
450625,03,03,12.979960441589355,80.25263214111328,45214920712,63421,450625
450704,03,03,12.979960441589355,80.25263214111328,45214920712,63432,450704
450784,03,03,12.979960441589355,80.25263214111328,45214920712,63442,450784
450857,03,03,12.979960441589355,80.25263214111328,45214920712,63452,450857
450933,03,03,12.979960441589355,80.25263214111328,45214920712,63462,450933
451004,03,03,12.97992992401123,80.2526626586914,45214920712,63472,451004
451078,03,03,12.97957992553711,80.25279235839844,45214920712,63482,451078
451154,03,03,12.978859901428223,80.25267791748047,45214920712,63492,451154
451228,03,03,12.978540420532227,80.2525863647461,45214920712,63502,451228
451303,03,03,12.978540420532227,80.2525863647461,45214920712,63512,451303
451374,03,03,12.97836971282959,80.25247192382812,45214920712,63522,451374
451448,03,03,12.977879524230957,80.25205993652344,45214920712,63532,451448
451529,03,03,12.977029800415039,80.2514419555664,45214920712,63543,451529
451601,03,03,12.975919723510742,80.25108337402344,45214920712,63553,451601
451676,03,03,12.974720001220703,80.25074005126953,45214920712,63563,451676
451752,03,03,12.97350025177002,80.25039672851562,45214920712,63573,451752
451824,03,03,12.97262954711914,80.25019836425781,45214920712,63583,451824
451900,03,03,12.972559928894043,80.25018310546875,45214920712,63593,451900
451978,03,03,12.972430229187012,80.25015258789062,45214920712,63603,451978
452051,03,03,12.971890449523926,80.25,45214920712,63613,452051
452125,03,03,12.971059799194336,80.24976348876953,45214920712,63623,452125
452200,03,03,12.970060348510742,80.24944305419922,45214920712,63633,452200
452282,03,03,12.968910217285156,80.24896240234375,45214920712,63644,452282
452349,03,03,12.96798038482666,80.24858856201172,45214920712,63653,452349
452433,03,03,12.966919898986816,80.24813079833984,45214920712,63664,452433
452503,03,03,12.966239929199219,80.247802734375,45214920712,63674,452503
452578,03,03,12.965539932250977,80.24752044677734,45214920712,63684,452578
452657,03,03,12.965189933776855,80.24742126464844,45214920712,63694,452657
452731,03,03,12.965180397033691,80.24742126464844,45214920712,63704,452731
452807,03,03,12.965180397033691,80.24742126464844,45214920712,63714,452807
452880,03,03,12.964960098266602,80.24735260009766,45214920712,63724,452880
452958,03,03,12.964400291442871,80.24713897705078,45214920712,63734,452958
453034,03,03,12.963939666748047,80.24696350097656,45214920712,63744,453034
453112,03,03,12.963919639587402,80.2469482421875,45214920712,63755,453112
453188,03,03,12.963919639587402,80.2469482421875,45214920712,63765,453188
453267,03,03,12.96362018585205,80.24681091308594,45214920712,63775,453267
453340,03,03,12.96300983428955,80.24649047851562,45214920712,63785,453340
453417,03,03,12.962169647216797,80.24607849121094,45214920712,63795,453417
453493,03,03,12.961179733276367,80.24559783935547,45214920712,63805,453493
453566,03,03,12.960160255432129,80.2451400756836,45214920712,63815,453566
453644,03,03,12.959420204162598,80.24484252929688,45214920712,63825,453644
453717,03,03,12.959369659423828,80.24481964111328,45214920712,63835,453717
453790,03,03,12.95930004119873,80.24475860595703,45214920712,63845,453790
453869,03,03,12.958869934082031,80.24456787109375,45214920712,63856,453869
453945,03,03,12.958149909973145,80.2442626953125,45214920712,63866,453945
454025,03,03,12.957500457763672,80.24401092529297,45214920712,63876,454025
454096,03,03,12.956720352172852,80.24372100830078,45214920712,63886,454096
454174,03,03,12.956459999084473,80.2436294555664,45214920712,63896,454174
454252,03,03,12.956459999084473,80.2436294555664,45214920712,63906,454252
454324,03,03,12.956459999084473,80.2436294555664,45214920712,63916,454324
454401,03,03,12.956459999084473,80.2436294555664,45214920712,63926,454401
454478,03,03,12.956459999084473,80.2436294555664,45214920712,63936,454478
454552,03,03,12.956230163574219,80.24359893798828,45214920712,63946,454552
454634,03,03,12.955599784851074,80.24327850341797,45214920712,63957,454634
454705,03,03,12.95479965209961,80.24291229248047,45214920712,63967,454705
454779,03,03,12.953900337219238,80.24252319335938,45214920712,63977,454779
454856,03,03,12.95298957824707,80.24214172363281,45214920712,63987,454856
454935,03,03,12.952099800109863,80.2418212890625,45214920712,63997,454935
455006,03,03,12.951720237731934,80.24169921875,45214920712,64007,455006
455081,03,03,12.951720237731934,80.24169921875,45214920712,64017,455081
455157,03,03,12.951530456542969,80.24162292480469,45214920712,64027,455157
455230,03,03,12.950949668884277,80.24141693115234,45214920712,64037,455230
455305,03,03,12.950130462646484,80.24114990234375,45214920712,64047,455305
455381,03,03,12.949270248413086,80.24092864990234,45214920712,64058,455381
455460,03,03,12.949139595031738,80.24088287353516,45214920712,64068,455460
455532,03,03,12.949139595031738,80.24088287353516,45214920712,64078,455532
455605,03,03,12.949139595031738,80.24088287353516,45214920712,64088,455605
455682,03,03,12.949139595031738,80.24088287353516,45214920712,64098,455682
455755,03,03,12.949139595031738,80.24088287353516,45214920712,64108,455755
455830,03,03,12.948809623718262,80.24075317382812,45214920712,64118,455830
455906,03,03,12.948160171508789,80.240478515625,45214920712,64128,455906
455979,03,03,12.947310447692871,80.24011993408203,45214920712,64138,455979
456051,03,03,12.946880340576172,80.23995971679688,45214920712,64148,456051
456130,03,03,12.946880340576172,80.23995971679688,45214920712,64158,456130
456207,03,03,12.94655990600586,80.23982238769531,45214920712,64169,456207
456281,03,03,12.945940017700195,80.23956298828125,45214920712,64179,456281
456360,03,03,12.9451904296875,80.23914337158203,45214920712,64189,456360
456428,03,03,12.944490432739258,80.2384262084961,45214920712,64199,456428
456506,03,03,12.943719863891602,80.23766326904297,45214920712,64209,456506
456580,03,03,12.943289756774902,80.23722076416016,45214920712,64219,456580
456659,03,03,12.94324016571045,80.2371597290039,45214920712,64229,456659
456732,03,03,12.942950248718262,80.23687744140625,45214920712,64239,456732
456807,03,03,12.942270278930664,80.23652648925781,45214920712,64249,456807
456885,03,03,12.941349983215332,80.23625946044922,45214920712,64259,456885
456962,03,03,12.940239906311035,80.23597717285156,45214920712,64270,456962
457035,03,03,12.939760208129883,80.2358169555664,45214920712,64280,457035
457111,03,03,12.939749717712402,80.2358169555664,45214920712,64290,457111
457184,03,03,12.939629554748535,80.23576354980469,45214920712,64300,457184
457267,03,03,12.939129829406738,80.23551940917969,45214920712,64310,457267
457342,03,03,12.938369750976562,80.2351303100586,45214920712,64320,457342
457417,03,03,12.937459945678711,80.23468017578125,45214920712,64330,457417
457485,03,03,12.936479568481445,80.23419952392578,45214920712,64340,457485
457566,03,03,12.93593978881836,80.23394012451172,45214920712,64350,457566
457642,03,03,12.935750007629395,80.23384094238281,45214920712,64360,457642
457723,03,03,12.935219764709473,80.23361206054688,45214920712,64371,457723
457793,03,03,12.934499740600586,80.2332992553711,45214920712,64381,457793
457868,03,03,12.9341402053833,80.23316192626953,45214920712,64391,457868
457942,03,03,12.9341402053833,80.23316192626953,45214920712,64401,457942
458019,03,03,12.9341402053833,80.23316192626953,45214920712,64411,458019
458091,03,03,12.934060096740723,80.23310089111328,45214920712,64421,458091
458171,03,03,12.933629989624023,80.23287200927734,45214920712,64431,458171
458247,03,03,12.932920455932617,80.2325668334961,45214920712,64441,458247
458320,03,03,12.93200969696045,80.23224639892578,45214920712,64451,458320
458389,03,03,12.930910110473633,80.23188018798828,45214920712,64461,458389
458465,03,03,12.929750442504883,80.23152923583984,45214920712,64471,458465
458550,03,03,12.92848014831543,80.2313003540039,45214920712,64482,458550
458623,03,03,12.927249908447266,80.23114013671875,45214920712,64492,458623
458704,03,03,12.926300048828125,80.23104858398438,45214920712,64502,458704
458774,03,03,12.926119804382324,80.23104095458984,45214920712,64512,458774
458847,03,03,12.926119804382324,80.23104095458984,45214920712,64522,458847
458928,03,03,12.92588996887207,80.23101806640625,45214920712,64532,458928
458999,03,03,12.92531967163086,80.23094940185547,45214920712,64542,458999
459075,03,03,12.924489974975586,80.23085021972656,45214920712,64552,459075
459148,03,03,12.9235200881958,80.23072052001953,45214920712,64562,459148
459217,03,03,12.922340393066406,80.23053741455078,45214920712,64572,459217
459298,03,03,12.920909881591797,80.23033142089844,45214920712,64583,459298
459375,03,03,12.919679641723633,80.23017883300781,45214920712,64593,459375
459449,03,03,12.919139862060547,80.23011016845703,45214920712,64603,459449
459523,03,03,12.919039726257324,80.2301025390625,45214920712,64613,459523
459597,03,03,12.918580055236816,80.23004150390625,45214920712,64623,459597
459675,03,03,12.917799949645996,80.22992706298828,45214920712,64633,459675
459750,03,03,12.917019844055176,80.22981262207031,45214920712,64643,459750
459822,03,03,12.916139602661133,80.22969055175781,45214920712,64653,459822
459896,03,03,12.915289878845215,80.22958374023438,45214920712,64663,459896
459972,03,03,12.914569854736328,80.2294692993164,45214920712,64673,459972
460050,03,03,12.913649559020996,80.22936248779297,45214920712,64684,460050
460123,03,03,12.913390159606934,80.22933959960938,45214920712,64694,460123
460194,03,03,12.913350105285645,80.22933959960938,45214920712,64704,460194
460266,03,03,12.912919998168945,80.2292709350586,45214920712,64714,460266
460344,03,03,12.91215991973877,80.22915649414062,45214920712,64724,460344
460419,03,03,12.91117000579834,80.22901153564453,45214920712,64734,460419
460492,03,03,12.90999984741211,80.22884368896484,45214920712,64744,460492
460562,03,03,12.908740043640137,80.22865295410156,45214920712,64754,460562
460636,03,03,12.907830238342285,80.22852325439453,45214920712,64764,460636
460714,03,03,12.90746021270752,80.22846984863281,45214920712,64774,460714
460786,03,03,12.90701961517334,80.22843933105469,45214920712,64784,460786
460866,03,03,12.906439781188965,80.22836303710938,45214920712,64795,460866
460941,03,03,12.906160354614258,80.22834777832031,45214920712,64805,460941
461017,03,03,12.906160354614258,80.22834777832031,45214920712,64815,461017
461089,03,03,12.905830383300781,80.22831726074219,45214920712,64825,461089
461163,03,03,12.905119895935059,80.228271484375,45214920712,64835,461163
461241,03,03,12.904419898986816,80.22824096679688,45214920712,64845,461241
461314,03,03,12.904199600219727,80.22823333740234,45214920712,64855,461314
461389,03,03,12.904199600219727,80.22823333740234,45214920712,64865,461389
461463,03,03,12.904199600219727,80.22823333740234,45214920712,64875,461463
461536,03,03,12.904199600219727,80.22823333740234,45214920712,64885,461536
461610,03,03,12.904199600219727,80.22823333740234,45214920712,64896,461610
461689,03,03,12.904199600219727,80.22823333740234,45214920712,64906,461689
461764,03,03,12.90392017364502,80.22815704345703,45214920712,64916,461764
461836,03,03,12.9033203125,80.22814178466797,45214920712,64926,461836
461909,03,03,12.90287971496582,80.22811889648438,45214920712,64936,461909
461987,03,03,12.902640342712402,80.22811126708984,45214920712,64946,461987
462055,03,03,12.902359962463379,80.22810363769531,45214920712,64956,462055
462134,03,03,12.902029991149902,80.22807312011719,45214920712,64966,462134
462206,03,03,12.901639938354492,80.2280502319336,45214920712,64976,462206
462281,03,03,12.901249885559082,80.22801971435547,45214920712,64986,462281
462359,03,03,12.900899887084961,80.22798156738281,45214920712,64997,462359
462430,03,03,12.900529861450195,80.22795867919922,45214920712,65006,462430
462507,03,03,12.900070190429688,80.22795104980469,45214920712,65017,462507
462582,03,03,12.899860382080078,80.22795104980469,45214920712,65027,462582
462659,03,03,12.899749755859375,80.22794342041016,45214920712,65037,462659
462734,03,03,12.89957046508789,80.22794342041016,45214920712,65047,462734
462806,03,03,12.899499893188477,80.2279281616211,45214920712,65057,462806
462880,03,03,12.899499893188477,80.2279281616211,45214920712,65067,462880
462955,03,03,12.899499893188477,80.2279281616211,45214920712,65077,462955
463031,03,03,12.899120330810547,80.22792053222656,45214920712,65087,463031
463103,03,03,12.898449897766113,80.22786712646484,45214920712,65097,463103
463178,03,03,12.897480010986328,80.22781372070312,45214920712,65108,463178
463259,03,03,12.896470069885254,80.2277603149414,45214920712,65118,463259
463335,03,03,12.895359992980957,80.22770690917969,45214920712,65128,463335
463403,03,03,12.894280433654785,80.2276611328125,45214920712,65138,463403
463477,03,03,12.893569946289062,80.22760772705078,45214920712,65148,463477
463554,03,03,12.893420219421387,80.22760009765625,45214920712,65158,463554
463630,03,03,12.893420219421387,80.22760009765625,45214920712,65168,463630
463701,03,03,12.893420219421387,80.22760009765625,45214920712,65178,463701
463777,03,03,12.893289566040039,80.2275619506836,45214920712,65188,463777
463854,03,03,12.892829895019531,80.22750854492188,45214920712,65198,463854
463932,03,03,12.892539978027344,80.22747802734375,45214920712,65209,463932
464010,03,03,12.892359733581543,80.22744750976562,45214920712,65219,464010
464078,03,03,12.891770362854004,80.22743225097656,45214920712,65229,464078
464151,03,03,12.89087963104248,80.2274169921875,45214920712,65239,464151
464227,03,03,12.889800071716309,80.2274169921875,45214920712,65249,464227
464304,03,03,12.88871955871582,80.22740936279297,45214920712,65259,464304
464371,03,03,12.888400077819824,80.22740173339844,45214920712,65269,464371
464452,03,03,12.888330459594727,80.22740173339844,45214920712,65279,464452
464527,03,03,12.887860298156738,80.22736358642578,45214920712,65289,464527
464602,03,03,12.887069702148438,80.22724151611328,45214920712,65299,464602
464677,03,03,12.885990142822266,80.22698974609375,45214920712,65310,464677
464758,03,03,12.885049819946289,80.22679138183594,45214920712,65320,464758
464824,03,03,12.884860038757324,80.2267837524414,45214920712,65330,464824
464899,03,03,12.884639739990234,80.2267837524414,45214920712,65340,464899
464980,03,03,12.88401985168457,80.2267837524414,45214920712,65350,464980
465051,03,03,12.883099555969238,80.2267837524414,45214920712,65360,465051
465123,03,03,12.881979942321777,80.2267837524414,45214920712,65370,465123
465202,03,03,12.88070011138916,80.22679138183594,45214920712,65380,465202
465273,03,03,12.879340171813965,80.22679901123047,45214920712,65390,465273
465348,03,03,12.877969741821289,80.22686767578125,45214920712,65400,465348
465424,03,03,12.876899719238281,80.22695922851562,45214920712,65411,465424
465498,03,03,12.876480102539062,80.22689056396484,45214920712,65421,465498
465578,03,03,12.87639045715332,80.22663879394531,45214920712,65431,465578
465650,03,03,12.876399993896484,80.22647094726562,45214920712,65441,465650
465726,03,03,12.876399993896484,80.22647094726562,45214920712,65451,465726
465795,03,03,12.876449584960938,80.22615814208984,45214920712,65461,465795
465870,03,03,12.876529693603516,80.22545623779297,45214920712,65471,465870
465946,03,03,12.876629829406738,80.2245101928711,45214920712,65481,465946
466022,03,03,12.876859664916992,80.223388671875,45214920712,65491,466022
466096,03,03,12.87716007232666,80.22209167480469,45214920712,65501,466096
466171,03,03,12.877490043640137,80.2206802368164,45214920712,65511,466171
466250,03,03,12.877840042114258,80.21914672851562,45214920712,65522,466250
466331,03,03,12.878140449523926,80.21772766113281,45214920712,65532,466331
466396,03,03,12.878430366516113,80.21627044677734,45214920712,65542,466396
466473,03,03,12.878689765930176,80.21508026123047,45214920712,65552,466473
466546,03,03,12.879039764404297,80.21327209472656,45214920712,65562,466546
466625,03,03,12.87932014465332,80.21186065673828,45214920712,65572,466625
466696,03,03,12.87936019897461,80.2110366821289,45214920712,65582,466696
466770,03,03,12.879220008850098,80.21098327636719,45214920712,65592,466770
466848,03,03,12.879220008850098,80.21098327636719,45214920712,65602,466848
466920,03,03,12.879090309143066,80.21098327636719,45214920712,65612,466920
467000,03,03,12.878520011901855,80.21086883544922,45214920712,65623,467000
467079,03,03,12.878080368041992,80.2107925415039,45214920712,65633,467079
467155,03,03,12.877420425415039,80.21066284179688,45214920712,65643,467155
467228,03,03,12.876660346984863,80.21050262451172,45214920712,65653,467228
467296,03,03,12.875860214233398,80.2103500366211,45214920712,65663,467296
467374,03,03,12.875009536743164,80.21022033691406,45214920712,65673,467374
467445,03,03,12.874670028686523,80.21015167236328,45214920712,65683,467445
467523,03,03,12.874670028686523,80.21015167236328,45214920712,65693,467523
467590,03,03,12.874670028686523,80.21015167236328,45214920712,65703,467590
467671,03,03,12.874460220336914,80.21009826660156,45214920712,65713,467671
467756,03,03,12.874360084533691,80.20997619628906,45214920712,65724,467756
467832,03,03,12.874420166015625,80.20966339111328,45214920712,65734,467832
467907,03,03,12.874770164489746,80.20976257324219,45214920712,65744,467907
467980,03,03,12.874679565429688,80.21002197265625,45214920712,65754,467980
468054,03,03,12.874690055847168,80.21002197265625,45214920712,65764,468054
468129,03,03,12.874690055847168,80.21002197265625,45214920712,65774,468129
468203,03,03,12.874690055847168,80.21002197265625,45214920712,65784,468203
468268,03,03,12.874690055847168,80.21002197265625,45214920712,65794,468268
468342,03,03,12.874690055847168,80.21002197265625,45214920712,65804,468342
468423,03,03,12.874690055847168,80.21002197265625,45214920712,65814,468423
468491,03,03,12.874690055847168,80.21002197265625,45214920712,65824,468491
468581,03,03,12.874690055847168,80.21002197265625,45214920712,65835,468581
468657,03,03,12.874690055847168,80.21002197265625,45214920712,65845,468657
468732,03,03,12.874690055847168,80.21002197265625,45214920712,65855,468732
468804,03,03,12.874690055847168,80.21002197265625,45214920712,65865,468804
468868,03,03,12.874690055847168,80.21002197265625,45214920712,65875,468868
468948,03,03,12.874690055847168,80.21002197265625,45214920712,65885,468948
469025,03,03,12.874690055847168,80.21002197265625,45214920712,65895,469025
469090,03,03,12.874690055847168,80.21002197265625,45214920712,65905,469090
469171,03,03,12.874690055847168,80.21002197265625,45214920712,65915,469171
469239,03,03,12.874690055847168,80.21002197265625,45214920712,65925,469239
469329,03,03,12.874690055847168,80.21002197265625,45214920712,65936,469329
469404,03,03,12.874690055847168,80.21002197265625,45214920712,65946,469404
469478,03,03,12.874690055847168,80.21002197265625,45214920712,65956,469478
469553,03,03,12.874690055847168,80.21002197265625,45214920712,65966,469553
469618,03,03,12.874690055847168,80.21002197265625,45214920712,65976,469618
469698,03,03,12.874690055847168,80.21002197265625,45214920712,65986,469698
469767,03,03,12.874690055847168,80.21002197265625,45214920712,65996,469767
469838,03,03,12.874690055847168,80.21002197265625,45214920712,66006,469838
469913,03,03,12.874690055847168,80.21002197265625,45214920712,66016,469913
469987,03,03,12.874690055847168,80.21002197265625,45214920712,66026,469987
470072,03,03,12.874690055847168,80.21002197265625,45214920712,66037,470072
470150,03,03,12.874690055847168,80.21002197265625,45214920712,66047,470150
470218,03,03,12.874690055847168,80.21002197265625,45214920712,66057,470218
470302,03,03,12.874690055847168,80.21002197265625,45214920712,66067,470302
470370,03,03,12.874690055847168,80.21002197265625,45214920712,66077,470370
470447,03,03,12.874690055847168,80.21002197265625,45214920712,66087,470447
470513,03,03,12.874690055847168,80.21002197265625,45214920712,66097,470513
470586,03,03,12.874690055847168,80.21002197265625,45214920712,66106,470586
470663,03,03,12.87477970123291,80.21018981933594,45214920712,66117,470663
470740,03,03,12.875060081481934,80.2102279663086,45214920712,66127,470740
470824,03,03,12.875579833984375,80.21034240722656,45214920712,66138,470824
470892,03,03,12.876179695129395,80.21044158935547,45214920712,66148,470892
470968,03,03,12.87677001953125,80.2105712890625,45214920712,66158,470968
471048,03,03,12.877360343933105,80.21067810058594,45214920712,66168,471048
471118,03,03,12.877920150756836,80.21080017089844,45214920712,66178,471118
471188,03,03,12.878520011901855,80.21090698242188,45214920712,66188,471188
471261,03,03,12.879059791564941,80.21101379394531,45214920712,66198,471261
471337,03,03,12.879179954528809,80.2110366821289,45214920712,66208,471337
471411,03,03,12.87936019897461,80.21109008789062,45214920712,66218,471411
471484,03,03,12.879440307617188,80.21115112304688,45214920712,66228,471484
471558,03,03,12.879440307617188,80.21160125732422,45214920712,66238,471558
471634,03,03,12.879280090332031,80.21241760253906,45214920712,66249,471634
471709,03,03,12.87909984588623,80.21334075927734,45214920712,66259,471709
471785,03,03,12.87891960144043,80.21431732177734,45214920712,66269,471785
471862,03,03,12.8787202835083,80.21537017822266,45214920712,66279,471862
471933,03,03,12.878479957580566,80.21642303466797,45214920712,66289,471933
472007,03,03,12.878270149230957,80.21746826171875,45214920712,66299,472007
472084,03,03,12.878049850463867,80.21855926513672,45214920712,66309,472084
472158,03,03,12.877799987792969,80.21967315673828,45214920712,66319,472158
472233,03,03,12.87755012512207,80.22075653076172,45214920712,66329,472233
472303,03,03,12.877309799194336,80.22180938720703,45214920712,66339,472303
472385,03,03,12.877079963684082,80.22286224365234,45214920712,66350,472385
472459,03,03,12.877050399780273,80.22306060791016,45214920712,66360,472459
472532,03,03,12.877010345458984,80.22321319580078,45214920712,66370,472532
472607,03,03,12.876879692077637,80.2237777709961,45214920712,66380,472607
472682,03,03,12.876720428466797,80.22466278076172,45214920712,66390,472682
472757,03,03,12.87660026550293,80.22569274902344,45214920712,66400,472757
472831,03,03,12.876469612121582,80.22650146484375,45214920712,66410,472831
472910,03,03,12.876460075378418,80.22673797607422,45214920712,66420,472910
472979,03,03,12.876460075378418,80.22673797607422,45214920712,66430,472979
473052,03,03,12.876480102539062,80.22691345214844,45214920712,66440,473052
473130,03,03,12.876480102539062,80.22691345214844,45214920712,66451,473130
473203,03,03,12.876720428466797,80.2269515991211,45214920712,66461,473203
473276,03,03,12.877340316772461,80.22689056396484,45214920712,66471,473276
473351,03,03,12.878250122070312,80.22682189941406,45214920712,66481,473351
473425,03,03,12.87932014465332,80.22675323486328,45214920712,66491,473425
473432,03,03,12.87932014465332,80.22675323486328,45214920712,66491,473432
473511,03,03,12.88049030303955,80.22672271728516,45214920712,66501,473511
473583,03,03,12.881779670715332,80.22669982910156,45214920712,66511,473583
473652,03,03,12.883130073547363,80.22669982910156,45214920712,66521,473652
473725,03,03,12.884380340576172,80.22669219970703,45214920712,66531,473725
473805,03,03,12.8851900100708,80.22667694091797,45214920712,66541,473805
473880,03,03,12.885319709777832,80.22669982910156,45214920712,66551,473880
473963,03,03,12.886119842529297,80.22691345214844,45214920712,66564,473963
474034,03,03,12.88696002960205,80.22711944580078,45214920712,66573,474034
474113,03,03,12.888230323791504,80.22730255126953,45214920712,66584,474113
474187,03,03,12.889579772949219,80.22734069824219,45214920712,66594,474187
474254,03,03,12.890700340270996,80.22733306884766,45214920712,66603,474254
474333,03,03,12.892060279846191,80.22734069824219,45214920712,66614,474333
474410,03,03,12.89307975769043,80.22743225097656,45214920712,66624,474410
474484,03,03,12.893959999084473,80.2275390625,45214920712,66634,474484
474557,03,03,12.894209861755371,80.2275619506836,45214920712,66644,474557
474633,03,03,12.894309997558594,80.22757720947266,45214920712,66654,474633
474710,03,03,12.894920349121094,80.22760772705078,45214920712,66665,474710
474784,03,03,12.895779609680176,80.22765350341797,45214920712,66675,474784
474857,03,03,12.896759986877441,80.22769927978516,45214920712,66685,474857
474936,03,03,12.89783000946045,80.22775268554688,45214920712,66695,474936
475008,03,03,12.898619651794434,80.227783203125,45214920712,66705,475008
475082,03,03,12.898679733276367,80.227783203125,45214920712,66715,475082
475156,03,03,12.898679733276367,80.227783203125,45214920712,66725,475156
475233,03,03,12.89879035949707,80.227783203125,45214920712,66735,475233
475302,03,03,12.898900032043457,80.227783203125,45214920712,66745,475302
475379,03,03,12.898900032043457,80.227783203125,45214920712,66755,475379
475453,03,03,12.898900032043457,80.227783203125,45214920712,66766,475453
475527,03,03,12.899049758911133,80.22779846191406,45214920712,66776,475527
475599,03,03,12.899189949035645,80.22781372070312,45214920712,66786,475599
475673,03,03,12.899459838867188,80.22783660888672,45214920712,66796,475673
475748,03,03,12.899920463562012,80.22785949707031,45214920712,66806,475748
475823,03,03,12.90032958984375,80.22786712646484,45214920712,66816,475823
475897,03,03,12.90054988861084,80.2278823852539,45214920712,66826,475897
475974,03,03,12.900899887084961,80.22791290283203,45214920712,66836,475974
476046,03,03,12.90153980255127,80.22798156738281,45214920712,66846,476046
476120,03,03,12.902379989624023,80.22801208496094,45214920712,66856,476120
476202,03,03,12.903209686279297,80.22799682617188,45214920712,66867,476202
476277,03,03,12.90326976776123,80.22799682617188,45214920712,66877,476277
476348,03,03,12.90326976776123,80.22799682617188,45214920712,66887,476348
476423,03,03,12.903389930725098,80.22801971435547,45214920712,66897,476423
476498,03,03,12.903829574584961,80.22808074951172,45214920712,66907,476498
476572,03,03,12.90429973602295,80.22811126708984,45214920712,66917,476572
476645,03,03,12.904620170593262,80.22811126708984,45214920712,66927,476645
476717,03,03,12.904629707336426,80.22811889648438,45214920712,66937,476717
476791,03,03,12.904629707336426,80.22811889648438,45214920712,66947,476791
476917,03,03,12.904879570007324,80.22814178466797,45214920712,66963,476917
477012,03,03,12.90548038482666,80.22815704345703,45214920712,66976,477012
477086,03,03,12.905900001525879,80.22818756103516,45214920712,66986,477086
477159,03,03,12.906180381774902,80.22820281982422,45214920712,66996,477159
477236,03,03,12.906519889831543,80.22821807861328,45214920712,67006,477236
477308,03,03,12.906519889831543,80.22823333740234,45214920712,67016,477308
477377,03,03,12.906519889831543,80.22823333740234,45214920712,67026,477377
477457,03,03,12.906519889831543,80.22823333740234,45214920712,67036,477457
477531,03,03,12.906519889831543,80.22823333740234,45214920712,67046,477531
477600,03,03,12.906519889831543,80.22823333740234,45214920712,67056,477600
477677,03,03,12.906519889831543,80.22823333740234,45214920712,67066,477677
477753,03,03,12.906869888305664,80.22825622558594,45214920712,67077,477753
477827,03,03,12.90697956085205,80.22827911376953,45214920712,67087,477827
477902,03,03,12.907299995422363,80.22833251953125,45214920712,67097,477902
477974,03,03,12.907959938049316,80.22843933105469,45214920712,67107,477974
478052,03,03,12.90884017944336,80.22857666015625,45214920712,67117,478052
478125,03,03,12.909749984741211,80.22872924804688,45214920712,67127,478125
478200,03,03,12.91094970703125,80.22891998291016,45214920712,67137,478200
478268,03,03,12.912030220031738,80.22907257080078,45214920712,67147,478268
478343,03,03,12.91310977935791,80.22923278808594,45214920712,67157,478343
478415,03,03,12.913849830627441,80.22930908203125,45214920712,67167,478415
478497,03,03,12.91388988494873,80.22931671142578,45214920712,67178,478497
478568,03,03,12.914030075073242,80.22933959960938,45214920712,67188,478568
478649,03,03,12.91450023651123,80.22940826416016,45214920712,67198,478649
478723,03,03,12.915200233459473,80.22952270507812,45214920712,67208,478723
478796,03,03,12.916069984436035,80.2296371459961,45214920712,67218,478796
478871,03,03,12.917030334472656,80.22978210449219,45214920712,67228,478871
478946,03,03,12.918069839477539,80.22991943359375,45214920712,67238,478946
479016,03,03,12.918829917907715,80.23001861572266,45214920712,67248,479016
479093,03,03,12.919190406799316,80.23005676269531,45214920712,67258,479093
479165,03,03,12.919190406799316,80.23005676269531,45214920712,67268,479165
479241,03,03,12.919249534606934,80.2300796508789,45214920712,67278,479241
479322,03,03,12.919730186462402,80.23013305664062,45214920712,67289,479322
479392,03,03,12.920439720153809,80.23021697998047,45214920712,67299,479392
479466,03,03,12.921299934387207,80.23033142089844,45214920712,67309,479466
479539,03,03,12.922300338745117,80.23047637939453,45214920712,67319,479539
479613,03,03,12.923430442810059,80.23065185546875,45214920712,67329,479613
479693,03,03,12.924599647521973,80.23079681396484,45214920712,67339,479693
479811,03,03,12.926159858703613,80.2309799194336,45214920712,67356,479811
479905,03,03,12.926329612731934,80.23098754882812,45214920712,67368,479905
479958,03,03,12.926329612731934,80.23098754882812,45214920712,67376,479958
480046,03,03,12.926819801330566,80.2310562133789,45214920712,67388,480046
480128,03,03,12.927639961242676,80.23116302490234,45214920712,67399,480128
480202,03,03,12.92848014831543,80.23126220703125,45214920712,67409,480202
480284,03,03,12.928680419921875,80.23127746582031,45214920712,67419,480284
480354,03,03,12.928720474243164,80.23126983642578,45214920712,67429,480354
480419,03,03,12.928939819335938,80.2313232421875,45214920712,67438,480419
480498,03,03,12.929750442504883,80.23149871826172,45214920712,67449,480498
480575,03,03,12.9306001663208,80.23172760009766,45214920712,67459,480575
480647,03,03,12.93157958984375,80.23204040527344,45214920712,67469,480647
480721,03,03,12.932629585266113,80.23239135742188,45214920712,67479,480721
480799,03,03,12.933460235595703,80.23269653320312,45214920712,67489,480799
480876,03,03,12.933560371398926,80.23274993896484,45214920712,67500,480876
480952,03,03,12.933560371398926,80.23274993896484,45214920712,67510,480952
481023,03,03,12.93358039855957,80.23278045654297,45214920712,67520,481023
481103,03,03,12.933950424194336,80.23294067382812,45214920712,67530,481103
481170,03,03,12.934590339660645,80.23323059082031,45214920712,67540,481170
481246,03,03,12.935099601745605,80.23345947265625,45214920712,67550,481246
481319,03,03,12.935159683227539,80.23348999023438,45214920712,67560,481319
481391,03,03,12.935159683227539,80.23348999023438,45214920712,67570,481391
481469,03,03,12.935379981994629,80.23358917236328,45214920712,67580,481469
481540,03,03,12.935750007629395,80.23375701904297,45214920712,67590,481540
481623,03,03,12.936300277709961,80.23400115966797,45214920712,67601,481623
481699,03,03,12.936920166015625,80.23430633544922,45214920712,67611,481699
481774,03,03,12.93772029876709,80.23468780517578,45214920712,67621,481774
481847,03,03,12.938650131225586,80.23516082763672,45214920712,67631,481847
481919,03,03,12.93943977355957,80.23555755615234,45214920712,67641,481919
481992,03,03,12.939599990844727,80.2356185913086,45214920712,67651,481992
482063,03,03,12.939599990844727,80.2356185913086,45214920712,67661,482063
482138,03,03,12.939689636230469,80.23565673828125,45214920712,67671,482138
482209,03,03,12.940070152282715,80.23583221435547,45214920712,67681,482209
482283,03,03,12.940850257873535,80.2360610961914,45214920712,67691,482283
482367,03,03,12.94182014465332,80.23629760742188,45214920712,67702,482367
482441,03,03,12.942770004272461,80.23661804199219,45214920712,67712,482441
482511,03,03,12.943490028381348,80.23715209960938,45214920712,67722,482511
482582,03,03,12.94359016418457,80.23725128173828,45214920712,67732,482582
482659,03,03,12.943690299987793,80.23738098144531,45214920712,67742,482659
482731,03,03,12.944069862365723,80.23780822753906,45214920712,67752,482731
482804,03,03,12.944629669189453,80.23841857910156,45214920712,67762,482804
482877,03,03,12.945289611816406,80.23912048339844,45214920712,67772,482877
482952,03,03,12.946209907531738,80.23961639404297,45214920712,67782,482952
483023,03,03,12.946880340576172,80.2398681640625,45214920712,67792,483023
483106,03,03,12.947070121765137,80.23995208740234,45214920712,67803,483106
483178,03,03,12.947070121765137,80.23995208740234,45214920712,67813,483178
483246,03,03,12.947070121765137,80.23995208740234,45214920712,67823,483246
483320,03,03,12.947070121765137,80.23995208740234,45214920712,67833,483320
483392,03,03,12.947070121765137,80.23995208740234,45214920712,67843,483392
483467,03,03,12.947070121765137,80.23995208740234,45214920712,67853,483467
483541,03,03,12.947070121765137,80.23995208740234,45214920712,67863,483541
483615,03,03,12.947070121765137,80.23995208740234,45214920712,67873,483615
483688,03,03,12.947070121765137,80.23995208740234,45214920712,67883,483688
483762,03,03,12.947070121765137,80.23995208740234,45214920712,67893,483762
483833,03,03,12.947070121765137,80.23995208740234,45214920712,67903,483833
483914,03,03,12.947070121765137,80.23995208740234,45214920712,67914,483914
483989,03,03,12.947070121765137,80.23995208740234,45214920712,67924,483989
484061,03,03,12.947070121765137,80.23995208740234,45214920712,67934,484061
484134,03,03,12.947429656982422,80.24006652832031,45214920712,67944,484134
484211,03,03,12.947870254516602,80.24027252197266,45214920712,67954,484211
484283,03,03,12.948229789733887,80.24043273925781,45214920712,67964,484283
484354,03,03,12.948639869689941,80.24059295654297,45214920712,67974,484354
484426,03,03,12.948789596557617,80.24063873291016,45214920712,67984,484426
484503,03,03,12.948789596557617,80.24063873291016,45214920712,67994,484503
484577,03,03,12.948789596557617,80.24063873291016,45214920712,68004,484577
484657,03,03,12.948789596557617,80.24063873291016,45214920712,68015,484657
484734,03,03,12.948789596557617,80.24063873291016,45214920712,68025,484734
484807,03,03,12.948789596557617,80.24063873291016,45214920712,68035,484807
484881,03,03,12.948789596557617,80.24063873291016,45214920712,68045,484881
484953,03,03,12.948789596557617,80.24063873291016,45214920712,68055,484953
485027,03,03,12.948789596557617,80.24063873291016,45214920712,68065,485027
485107,03,03,12.948789596557617,80.24063873291016,45214920712,68075,485107
485175,03,03,12.948789596557617,80.24063873291016,45214920712,68085,485175
485255,03,03,12.948789596557617,80.24063873291016,45214920712,68095,485255
485331,03,03,12.94909954071045,80.24079132080078,45214920712,68105,485331
485412,03,03,12.949760437011719,80.24099731445312,45214920712,68116,485412
485488,03,03,12.950579643249512,80.24124145507812,45214920712,68126,485488
485557,03,03,12.951040267944336,80.24138641357422,45214920712,68136,485557
485637,03,03,12.951069831848145,80.24140167236328,45214920712,68146,485637
485709,03,03,12.951069831848145,80.24140167236328,45214920712,68156,485709
485784,03,03,12.951140403747559,80.24144744873047,45214920712,68166,485784
485860,03,03,12.951390266418457,80.24153900146484,45214920712,68176,485860
485931,03,03,12.952079772949219,80.24178314208984,45214920712,68186,485931
486001,03,03,12.952719688415527,80.24202728271484,45214920712,68196,486001
486076,03,03,12.953370094299316,80.24227905273438,45214920712,68206,486076
486153,03,03,12.953980445861816,80.24250793457031,45214920712,68216,486153
486234,03,03,12.954750061035156,80.2428207397461,45214920712,68227,486234
486305,03,03,12.955360412597656,80.2430419921875,45214920712,68237,486305
486378,03,03,12.956080436706543,80.2432632446289,45214920712,68247,486378
486454,03,03,12.956600189208984,80.24346160888672,45214920712,68257,486454
486523,03,03,12.957280158996582,80.24381256103516,45214920712,68267,486523
486601,03,03,12.95814037322998,80.24420166015625,45214920712,68277,486601
486674,03,03,12.958829879760742,80.24445343017578,45214920712,68287,486674
486753,03,03,12.958880424499512,80.24447631835938,45214920712,68297,486753
486828,03,03,12.958919525146484,80.24449157714844,45214920712,68307,486828
486901,03,03,12.95930004119873,80.24468231201172,45214920712,68317,486901
486977,03,03,12.960029602050781,80.24501037597656,45214920712,68328,486977
487056,03,03,12.960860252380371,80.24537658691406,45214920712,68338,487056
487131,03,03,12.961830139160156,80.245849609375,45214920712,68348,487131
487206,03,03,12.962750434875488,80.246337890625,45214920712,68358,487206
487283,03,03,12.96325969696045,80.24658966064453,45214920712,68368,487283
487356,03,03,12.963299751281738,80.24661254882812,45214920712,68378,487356
487424,03,03,12.963299751281738,80.24661254882812,45214920712,68388,487424
487559,03,03,12.963299751281738,80.24661254882812,45214920712,68404,487559
487642,03,03,12.963299751281738,80.24661254882812,45214920712,68416,487642
487708,03,03,12.963299751281738,80.24661254882812,45214920712,68424,487708
487795,03,03,12.96343994140625,80.24671936035156,45214920712,68437,487795
487869,03,03,12.963919639587402,80.24693298339844,45214920712,68447,487869
487948,03,03,12.964619636535645,80.2471923828125,45214920712,68457,487948
488025,03,03,12.965479850769043,80.24748229980469,45214920712,68467,488025
488100,03,03,12.966409683227539,80.24783325195312,45214920712,68477,488100
488171,03,03,12.966899871826172,80.24803161621094,45214920712,68487,488171
488244,03,03,12.966910362243652,80.24803924560547,45214920712,68496,488244
488321,03,03,12.966910362243652,80.24803924560547,45214920712,68507,488321
488393,03,03,12.967040061950684,80.24816131591797,45214920712,68517,488393
488464,03,03,12.967470169067383,80.24835205078125,45214920712,68527,488464
488549,03,03,12.968270301818848,80.2486801147461,45214920712,68538,488549
488617,03,03,12.96914005279541,80.24900817871094,45214920712,68548,488617
488692,03,03,12.970159530639648,80.24942016601562,45214920712,68558,488692
488769,03,03,12.971320152282715,80.24978637695312,45214920712,68568,488769
488838,03,03,12.972559928894043,80.2501220703125,45214920712,68578,488838
488920,03,03,12.973730087280273,80.25044250488281,45214920712,68588,488920
488987,03,03,12.974379539489746,80.25055694580078,45214920712,68598,488987
489060,03,03,12.974419593811035,80.25057983398438,45214920712,68608,489060
489134,03,03,12.974590301513672,80.25064849853516,45214920712,68618,489134
489205,03,03,12.975099563598633,80.25080871582031,45214920712,68628,489205
489289,03,03,12.975950241088867,80.25106048583984,45214920712,68639,489289
489358,03,03,12.97677993774414,80.25131225585938,45214920712,68648,489358
489435,03,03,12.977800369262695,80.25189208984375,45214920712,68659,489435
489506,03,03,12.978719711303711,80.25254821777344,45214920712,68669,489506
489582,03,03,12.979220390319824,80.25263977050781,45214920712,68679,489582
489651,03,03,12.979669570922852,80.25263214111328,45214920712,68689,489651
489727,03,03,12.979949951171875,80.25235748291016,45214920712,68699,489727
489800,03,03,12.979949951171875,80.2523422241211,45214920712,68709,489800
489872,03,03,12.979949951171875,80.2523422241211,45214920712,68719,489872
489951,03,03,12.979949951171875,80.2523422241211,45214920712,68729,489951
490026,03,03,12.979990005493164,80.25205993652344,45214920712,68740,490026
490101,03,03,12.98015022277832,80.25155639648438,45214920712,68750,490101
490174,03,03,12.980380058288574,80.25080871582031,45214920712,68760,490174
490249,03,03,12.980609893798828,80.24989318847656,45214920712,68770,490249
490321,03,03,12.98073959350586,80.24881744384766,45214920712,68780,490321
490398,03,03,12.980819702148438,80.24772644042969,45214920712,68790,490398
490469,03,03,12.98091983795166,80.2465591430664,45214920712,68800,490469
490544,03,03,12.981060028076172,80.2453384399414,45214920712,68810,490544
490619,03,03,12.981169700622559,80.24427032470703,45214920712,68820,490619
490690,03,03,12.981189727783203,80.24382019042969,45214920712,68830,490690
490767,03,03,12.981220245361328,80.24375915527344,45214920712,68840,490767
490842,03,03,12.981220245361328,80.24375915527344,45214920712,68851,490842
490917,03,03,12.981220245361328,80.24375915527344,45214920712,68861,490917
490994,03,03,12.981220245361328,80.24375915527344,45214920712,68871,490994
491068,03,03,12.981220245361328,80.24375915527344,45214920712,68881,491068
491147,03,03,12.981260299682617,80.24371337890625,45214920712,68891,491147
491223,03,03,12.98130989074707,80.2434310913086,45214920712,68901,491223
491294,03,03,12.981300354003906,80.24305725097656,45214920712,68911,491294
491368,03,03,12.98130989074707,80.24297332763672,45214920712,68921,491368
491440,03,03,12.98130989074707,80.24295043945312,45214920712,68931,491440
491517,03,03,12.98130989074707,80.24295043945312,45214920712,68941,491517
491597,03,03,12.981329917907715,80.24284362792969,45214920712,68952,491597
491668,03,03,12.981329917907715,80.24256896972656,45214920712,68962,491668
491751,03,03,12.98132038116455,80.24210357666016,45214920712,68972,491751
491824,03,03,12.98132038116455,80.24136352539062,45214920712,68982,491824
491899,03,03,12.98130989074707,80.2405776977539,45214920712,68992,491899
491969,03,03,12.98130989074707,80.24027252197266,45214920712,69002,491969
492041,03,03,12.98130989074707,80.24027252197266,45214920712,69012,492041
492113,03,03,12.98130989074707,80.24027252197266,45214920712,69022,492113
492186,03,03,12.98130989074707,80.24002075195312,45214920712,69032,492186
492260,03,03,12.98130989074707,80.23983001708984,45214920712,69042,492260
492336,03,03,12.98130989074707,80.23941040039062,45214920712,69053,492336
492412,03,03,12.981280326843262,80.23887634277344,45214920712,69063,492412
492488,03,03,12.981269836425781,80.23870086669922,45214920712,69073,492488
492558,03,03,12.981260299682617,80.23866271972656,45214920712,69083,492558
492632,03,03,12.981260299682617,80.23838806152344,45214920712,69093,492632
492708,03,03,12.981249809265137,80.23802947998047,45214920712,69103,492708
492777,03,03,12.981249809265137,80.23802185058594,45214920712,69113,492777
492852,03,03,12.981269836425781,80.23796081542969,45214920712,69123,492852
492925,03,03,12.981260299682617,80.23755645751953,45214920712,69133,492925
492998,03,03,12.981240272521973,80.23689270019531,45214920712,69143,492998
493073,03,03,12.981220245361328,80.23600006103516,45214920712,69154,493073
493153,03,03,12.981200218200684,80.23544311523438,45214920712,69164,493153
493230,03,03,12.981180191040039,80.23497772216797,45214920712,69174,493230
493305,03,03,12.981180191040039,80.23458099365234,45214920712,69184,493305
493379,03,03,12.981189727783203,80.23445129394531,45214920712,69194,493379
493452,03,03,12.98132038116455,80.23407745361328,45214920712,69204,493452
493525,03,03,12.981419563293457,80.23387145996094,45214920712,69214,493525
493600,03,03,12.98147964477539,80.23371887207031,45214920712,69224,493600
493675,03,03,12.98151969909668,80.2336196899414,45214920712,69234,493675
493750,03,03,12.98151969909668,80.2336196899414,45214920712,69244,493750
493825,03,03,12.98157024383545,80.2334976196289,45214920712,69254,493825
493953,03,03,12.981610298156738,80.23338317871094,45214920712,69271,493953
494031,03,03,12.981670379638672,80.23323822021484,45214920712,69283,494031
494105,03,03,12.98169994354248,80.23316955566406,45214920712,69293,494105
494180,03,03,12.981809616088867,80.23290252685547,45214920712,69303,494180
494257,03,03,12.981840133666992,80.23284149169922,45214920712,69313,494257
494321,03,03,12.981889724731445,80.23268127441406,45214920712,69322,494321
494405,03,03,12.981949806213379,80.2323989868164,45214920712,69333,494405
494480,03,03,12.981929779052734,80.23213195800781,45214920712,69343,494480
494552,03,03,12.98192024230957,80.23169708251953,45214920712,69353,494552
494635,03,03,12.981889724731445,80.23145294189453,45214920712,69364,494635
494701,03,03,12.981749534606934,80.23098754882812,45214920712,69373,494701
494783,03,03,12.981430053710938,80.23039245605469,45214920712,69384,494783
494856,03,03,12.981049537658691,80.22978973388672,45214920712,69394,494856
494925,03,03,12.980870246887207,80.22952270507812,45214920712,69404,494925
495001,03,03,12.980790138244629,80.2293930053711,45214920712,69414,495001
495077,03,03,12.980640411376953,80.22915649414062,45214920712,69424,495077
495151,03,03,12.980569839477539,80.22904205322266,45214920712,69434,495151
495225,03,03,12.980569839477539,80.22904205322266,45214920712,69444,495225
495299,03,03,12.980389595031738,80.228759765625,45214920712,69454,495299
495373,03,03,12.980239868164062,80.22843933105469,45214920712,69464,495373
495451,03,03,12.980059623718262,80.22808837890625,45214920712,69475,495451
495524,03,03,12.979740142822266,80.2275390625,45214920712,69485,495524
495600,03,03,12.97935962677002,80.22691345214844,45214920712,69495,495600
495674,03,03,12.9789400100708,80.2261962890625,45214920712,69505,495674
495749,03,03,12.978610038757324,80.22564697265625,45214920712,69515,495749
495822,03,03,12.97838020324707,80.22525787353516,45214920712,69525,495822
495895,03,03,12.978240013122559,80.22502136230469,45214920712,69535,495895
495971,03,03,12.97819995880127,80.2249526977539,45214920712,69545,495971
496045,03,03,12.97803020477295,80.22470092773438,45214920712,69555,496045
496118,03,03,12.97780990600586,80.22444915771484,45214920712,69565,496118
496199,03,03,12.977749824523926,80.22434997558594,45214920712,69576,496199
496272,03,03,12.977640151977539,80.22412109375,45214920712,69586,496272
496346,03,03,12.977319717407227,80.22361755371094,45214920712,69596,496346
496419,03,03,12.97704029083252,80.2231674194336,45214920712,69606,496419
496494,03,03,12.976940155029297,80.22299194335938,45214920712,69616,496494
496569,03,03,12.976929664611816,80.22281646728516,45214920712,69626,496569
496647,03,03,12.97716999053955,80.22274017333984,45214920712,69636,496647
496717,03,03,12.977179527282715,80.22273254394531,45214920712,69646,496717
496790,03,03,12.977179527282715,80.22273254394531,45214920712,69656,496790
496864,03,03,12.977490425109863,80.22267150878906,45214920712,69666,496864
496946,03,03,12.977470397949219,80.22216033935547,45214920712,69677,496946
497018,03,03,12.97743034362793,80.22148132324219,45214920712,69687,497018
497087,03,03,12.97743034362793,80.22132110595703,45214920712,69697,497087
497168,03,03,12.97743034362793,80.22132110595703,45214920712,69707,497168
497238,03,03,12.97758960723877,80.22122192382812,45214920712,69717,497238
497314,03,03,12.978059768676758,80.22122955322266,45214920712,69727,497314
497389,03,03,12.978630065917969,80.22119903564453,45214920712,69737,497389
497465,03,03,12.979089736938477,80.22116088867188,45214920712,69747,497465
497539,03,03,12.9795503616333,80.22113800048828,45214920712,69757,497539
497608,03,03,12.980010032653809,80.22110748291016,45214920712,69767,497608
497683,03,03,12.980429649353027,80.22107696533203,45214920712,69778,497683
497757,03,03,12.980899810791016,80.2210693359375,45214920712,69788,497757
497830,03,03,12.98132038116455,80.22122192382812,45214920712,69798,497830
497903,03,03,12.98173999786377,80.22149658203125,45214920712,69808,497903
497977,03,03,12.982060432434082,80.22174072265625,45214920712,69818,497977
498050,03,03,12.982439994812012,80.22187805175781,45214920712,69828,498050
498131,03,03,12.982810020446777,80.22200012207031,45214920712,69838,498131
498194,03,03,12.98285961151123,80.2220230102539,45214920712,69848,498194
498277,03,03,12.98285961151123,80.2220230102539,45214920712,69858,498277
498351,03,03,12.983039855957031,80.22207641601562,45214920712,69868,498351
498426,03,03,12.983280181884766,80.22225189208984,45214920712,69878,498426
498499,03,03,12.983630180358887,80.22248840332031,45214920712,69889,498499
498570,03,03,12.984109878540039,80.22276306152344,45214920712,69899,498570
498644,03,03,12.98462963104248,80.22308349609375,45214920712,69909,498644
498721,03,03,12.985090255737305,80.2232894897461,45214920712,69919,498721
498792,03,03,12.98544979095459,80.22332000732422,45214920712,69929,498792
498866,03,03,12.985750198364258,80.22306060791016,45214920712,69939,498866
498941,03,03,12.986319541931152,80.2230224609375,45214920712,69949,498941
499019,03,03,12.986410140991211,80.2230224609375,45214920712,69959,499019
499094,03,03,12.9866304397583,80.22303009033203,45214920712,69969,499094
499164,03,03,12.986909866333008,80.22306823730469,45214920712,69979,499164
499246,03,03,12.987110137939453,80.22309875488281,45214920712,69990,499246
499320,03,03,12.987380027770996,80.2231216430664,45214920712,70000,499320
499390,03,03,12.987739562988281,80.22309112548828,45214920712,70010,499390
499462,03,03,12.988140106201172,80.2228012084961,45214920712,70020,499462
499535,03,03,12.988619804382324,80.22236633300781,45214920712,70030,499535
499606,03,03,12.989029884338379,80.22190856933594,45214920712,70040,499606
499676,03,03,12.989339828491211,80.22148132324219,45214920712,70050,499676
499791,03,03,12.989999771118164,80.220703125,45214920712,70066,499791
499879,03,03,12.990429878234863,80.22036743164062,45214920712,70078,499879
499937,03,03,12.990429878234863,80.2203598022461,45214920712,70086,499937
500038,03,03,12.990750312805176,80.22013092041016,45214920712,70099,500038
500113,03,03,12.991140365600586,80.21983337402344,45214920712,70109,500113
500187,03,03,12.991209983825684,80.21977233886719,45214920712,70119,500187
500253,03,03,12.991459846496582,80.21955871582031,45214920712,70129,500253
500323,03,03,12.99197006225586,80.21920013427734,45214920712,70139,500323
500391,03,03,12.99258041381836,80.21875762939453,45214920712,70149,500391
500465,03,03,12.993180274963379,80.21833038330078,45214920712,70159,500465
500525,03,03,12.993610382080078,80.218017578125,45214920712,70168,500525
500609,03,03,12.994039535522461,80.21772766113281,45214920712,70180,500609
500678,03,03,12.994219779968262,80.21759796142578,45214920712,70190,500678
500763,03,03,12.99425983428955,80.2175521850586,45214920712,70201,500763
500831,03,03,12.99425983428955,80.2175521850586,45214920712,70211,500831
500899,03,03,12.99425983428955,80.2175521850586,45214920712,70220,500899
500981,03,03,12.994549751281738,80.21736907958984,45214920712,70231,500981
501049,03,03,12.99470043182373,80.21724700927734,45214920712,70241,501049
501121,03,03,12.994970321655273,80.21705627441406,45214920712,70251,501121
501192,03,03,12.99530029296875,80.21685028076172,45214920712,70261,501192
501257,03,03,12.995479583740234,80.21678161621094,45214920712,70270,501257
501329,03,03,12.995750427246094,80.21669006347656,45214920712,70280,501329
501406,03,03,12.995920181274414,80.21663665771484,45214920712,70291,501406
501478,03,03,12.995920181274414,80.21663665771484,45214920712,70302,501478
501544,03,03,12.995920181274414,80.21663665771484,45214920712,70311,501544
501621,03,03,12.995920181274414,80.21663665771484,45214920712,70322,501621
501700,03,03,12.995920181274414,80.21663665771484,45214920712,70332,501700
501774,03,03,12.995920181274414,80.21663665771484,45214920712,70342,501774
501840,03,03,12.995920181274414,80.21663665771484,45214920712,70352,501840
501911,03,03,12.996299743652344,80.21658325195312,45214920712,70362,501911
501988,03,03,12.996390342712402,80.21656036376953,45214920712,70372,501988
502052,03,03,12.996390342712402,80.21656036376953,45214920712,70382,502052
502133,03,03,12.9966402053833,80.21653747558594,45214920712,70392,502133
502208,03,03,12.996990203857422,80.21652221679688,45214920712,70402,502208
502278,03,03,12.997309684753418,80.21630096435547,45214920712,70413,502278
502362,03,03,12.997480392456055,80.21614837646484,45214920712,70423,502362
502429,03,03,12.997559547424316,80.21611022949219,45214920712,70433,502429
502499,03,03,12.99789047241211,80.2158432006836,45214920712,70443,502499
502571,03,03,12.99839973449707,80.21537017822266,45214920712,70453,502571
502640,03,03,12.99901008605957,80.21484375,45214920712,70463,502640
502717,03,03,12.999239921569824,80.21460723876953,45214920712,70473,502717
502782,03,03,12.999719619750977,80.21420288085938,45214920712,70483,502782
502855,03,03,13.00016975402832,80.21379852294922,45214920712,70493,502855
502933,03,03,13.000690460205078,80.21333312988281,45214920712,70503,502933
503005,03,03,13.001279830932617,80.21288299560547,45214920712,70514,503005
503078,03,03,13.001729965209961,80.21253967285156,45214920712,70524,503078
503154,03,03,13.002039909362793,80.21234130859375,45214920712,70534,503154
503233,03,03,13.002320289611816,80.21221923828125,45214920712,70544,503233
503300,03,03,13.002639770507812,80.21215057373047,45214920712,70554,503300
503377,03,03,13.0029296875,80.21212005615234,45214920712,70564,503377
503446,03,03,13.003279685974121,80.21209716796875,45214920712,70574,503446
503519,03,03,13.003560066223145,80.21198272705078,45214920712,70584,503519
503589,03,03,13.003620147705078,80.21182250976562,45214920712,70594,503589
503664,03,03,13.003609657287598,80.21124267578125,45214920712,70604,503664
503740,03,03,13.0035400390625,80.21041870117188,45214920712,70615,503740
503807,03,03,13.003470420837402,80.20977020263672,45214920712,70625,503807
503880,03,03,13.003549575805664,80.20919036865234,45214920712,70635,503880
503952,03,03,13.003780364990234,80.20867919921875,45214920712,70645,503952
504025,03,03,13.004369735717773,80.2088394165039,45214920712,70655,504025
504097,03,03,13.005009651184082,80.2091293334961,45214920712,70665,504097
504168,03,03,13.005570411682129,80.20938873291016,45214920712,70675,504168
504239,03,03,13.005860328674316,80.20948028564453,45214920712,70685,504239
504315,03,03,13.005860328674316,80.20948028564453,45214920712,70695,504315
504385,03,03,13.005860328674316,80.20948028564453,45214920712,70705,504385
504457,03,03,13.005860328674316,80.20948028564453,45214920712,70716,504457
504532,03,03,13.005860328674316,80.20948028564453,45214920712,70726,504532
504610,03,03,13.005860328674316,80.20948028564453,45214920712,70736,504610
504683,03,03,13.006219863891602,80.2096176147461,45214920712,70746,504683
504750,03,03,13.006319999694824,80.20963287353516,45214920712,70756,504750
504821,03,03,13.006509780883789,80.20970153808594,45214920712,70766,504821
504892,03,03,13.006990432739258,80.2098388671875,45214920712,70776,504892
504965,03,03,13.007209777832031,80.2098617553711,45214920712,70786,504965
505043,03,03,13.007209777832031,80.2098617553711,45214920712,70796,505043
505110,03,03,13.007209777832031,80.2098617553711,45214920712,70806,505110
505182,03,03,13.007209777832031,80.2098617553711,45214920712,70816,505182
505262,03,03,13.007699966430664,80.20997619628906,45214920712,70827,505262
505333,03,03,13.008000373840332,80.21003723144531,45214920712,70837,505333
505405,03,03,13.008139610290527,80.20980072021484,45214920712,70847,505405
505477,03,03,13.007989883422852,80.20912170410156,45214920712,70857,505477
505547,03,03,13.007840156555176,80.20828247070312,45214920712,70867,505547
505623,03,03,13.007699966430664,80.20736694335938,45214920712,70877,505623
505692,03,03,13.007579803466797,80.2065200805664,45214920712,70887,505692
505767,03,03,13.007499694824219,80.20574188232422,45214920712,70897,505767
505838,03,03,13.007490158081055,80.20504760742188,45214920712,70907,505838
505909,03,03,13.007479667663574,80.20439910888672,45214920712,70917,505909
505984,03,03,13.007379531860352,80.20355987548828,45214920712,70928,505984
506060,03,03,13.007280349731445,80.2030029296875,45214920712,70938,506060
506131,03,03,13.006999969482422,80.20258331298828,45214920712,70948,506131
506199,03,03,13.006489753723145,80.20287322998047,45214920712,70957,506199
506275,03,03,13.006939888000488,80.20348358154297,45214920712,70968,506275
506347,03,03,13.007710456848145,80.20372009277344,45214920712,70978,506347
506417,03,03,13.008779525756836,80.2037124633789,45214920712,70988,506417
506491,03,03,13.010000228881836,80.20364379882812,45214920712,70998,506491
506562,03,03,13.01123046875,80.2037124633789,45214920712,71008,506562
506631,03,03,13.012410163879395,80.20391082763672,45214920712,71018,506631
506711,03,03,13.013090133666992,80.20404815673828,45214920712,71029,506711
506788,03,03,13.013420104980469,80.20419311523438,45214920712,71039,506788
506856,03,03,13.013500213623047,80.2042236328125,45214920712,71049,506856
506926,03,03,13.013500213623047,80.2042236328125,45214920712,71059,506926
507003,03,03,13.013500213623047,80.2042236328125,45214920712,71069,507003
507072,03,03,13.013509750366211,80.20423889160156,45214920712,71079,507072
507145,03,03,13.013620376586914,80.20446014404297,45214920712,71089,507145
507221,03,03,13.013580322265625,80.20462036132812,45214920712,71099,507221
507289,03,03,13.013580322265625,80.20462036132812,45214920712,71109,507289
507365,03,03,13.013580322265625,80.20462036132812,45214920712,71119,507365
507446,03,03,13.013580322265625,80.20462036132812,45214920712,71130,507446
507517,03,03,13.013580322265625,80.20462036132812,45214920712,71140,507517
507586,03,03,13.013580322265625,80.20462036132812,45214920712,71150,507586
507664,03,03,13.013580322265625,80.20462036132812,45214920712,71160,507664
507732,03,03,13.013580322265625,80.20462036132812,45214920712,71170,507732
507805,03,03,13.013580322265625,80.20462036132812,45214920712,71180,507805
507877,03,03,13.013580322265625,80.20462036132812,45214920712,71190,507877
507950,03,03,13.013580322265625,80.20462036132812,45214920712,71200,507950
508019,03,03,13.013580322265625,80.20462036132812,45214920712,71210,508019
508091,03,03,13.013580322265625,80.20462036132812,45214920712,71220,508091
508165,03,03,13.013580322265625,80.20462036132812,45214920712,71230,508165
508245,03,03,13.013580322265625,80.20462036132812,45214920712,71241,508245
508315,03,03,13.013580322265625,80.20462036132812,45214920712,71251,508315
508388,03,03,13.013580322265625,80.20462036132812,45214920712,71261,508388
508459,03,03,13.013500213623047,80.2048110961914,45214920712,71271,508459
508533,03,03,13.0133695602417,80.2051773071289,45214920712,71281,508533
508603,03,03,13.013150215148926,80.20590209960938,45214920712,71291,508603
508680,03,03,13.012980461120605,80.20667266845703,45214920712,71301,508680
508748,03,03,13.012929916381836,80.2073974609375,45214920712,71311,508748
508824,03,03,13.012880325317383,80.20774841308594,45214920712,71321,508824
508893,03,03,13.012840270996094,80.20818328857422,45214920712,71331,508893
508967,03,03,13.012849807739258,80.20841979980469,45214920712,71342,508967
509041,03,03,13.012849807739258,80.20867156982422,45214920712,71352,509041
509111,03,03,13.012929916381836,80.209228515625,45214920712,71362,509111
509182,03,03,13.01317024230957,80.20980834960938,45214920712,71372,509182
509254,03,03,13.013090133666992,80.21029663085938,45214920712,71382,509254
509325,03,03,13.012980461120605,80.21092224121094,45214920712,71392,509325
509395,03,03,13.012700080871582,80.21151733398438,45214920712,71402,509395
509467,03,03,13.01237964630127,80.21204376220703,45214920712,71412,509467
509545,03,03,13.012020111083984,80.21260070800781,45214920712,71422,509545
509616,03,03,13.011810302734375,80.21286010742188,45214920712,71432,509616
509688,03,03,13.011460304260254,80.2126693725586,45214920712,71442,509688
509764,03,03,13.01082992553711,80.21219635009766,45214920712,71453,509764
509841,03,03,13.01021957397461,80.21174621582031,45214920712,71463,509841
509911,03,03,13.010089874267578,80.21163940429688,45214920712,71473,509911
509987,03,03,13.01002025604248,80.21157836914062,45214920712,71483,509987
510057,03,03,13.009900093078613,80.21151733398438,45214920712,71493,510057
510132,03,03,13.009900093078613,80.21151733398438,45214920712,71503,510132
510201,03,03,13.009900093078613,80.21151733398438,45214920712,71513,510201
510274,03,03,13.009900093078613,80.21151733398438,45214920712,71523,510274
510348,03,03,13.009900093078613,80.21151733398438,45214920712,71533,510348
510418,03,03,13.009900093078613,80.21151733398438,45214920712,71543,510418
510497,03,03,13.009900093078613,80.21151733398438,45214920712,71554,510497
510570,03,03,13.009900093078613,80.21151733398438,45214920712,71564,510570
510635,03,03,13.009900093078613,80.21151733398438,45214920712,71574,510635
510712,03,03,13.009900093078613,80.21151733398438,45214920712,71584,510712
510782,03,03,13.009900093078613,80.21151733398438,45214920712,71594,510782
510855,03,03,13.009610176086426,80.21127319335938,45214920712,71604,510855
510927,03,03,13.009610176086426,80.21127319335938,45214920712,71614,510927
511000,03,03,13.009610176086426,80.21127319335938,45214920712,71624,511000
511073,03,03,13.009610176086426,80.21127319335938,45214920712,71634,511073
511149,03,03,13.009610176086426,80.21127319335938,45214920712,71644,511149
511221,03,03,13.009610176086426,80.21127319335938,45214920712,71655,511221
511294,03,03,13.009610176086426,80.21127319335938,45214920712,71665,511294
511363,03,03,13.009610176086426,80.21127319335938,45214920712,71675,511363
511441,03,03,13.009610176086426,80.21127319335938,45214920712,71685,511441
511509,03,03,13.009610176086426,80.21127319335938,45214920712,71695,511509
511582,03,03,13.009610176086426,80.21127319335938,45214920712,71705,511582
511654,03,03,13.009610176086426,80.21127319335938,45214920712,71715,511654
511729,03,03,13.009610176086426,80.21127319335938,45214920712,71725,511729
511799,03,03,13.009610176086426,80.21127319335938,45214920712,71735,511799
511874,03,03,13.009610176086426,80.21127319335938,45214920712,71745,511874
511946,03,03,13.009610176086426,80.21127319335938,45214920712,71756,511946
512019,03,03,13.009610176086426,80.21127319335938,45214920712,71766,512019
512092,03,03,13.009610176086426,80.21127319335938,45214920712,71776,512092
512163,03,03,13.009610176086426,80.21127319335938,45214920712,71786,512163
512236,03,03,13.009610176086426,80.21127319335938,45214920712,71796,512236
512309,03,03,13.009610176086426,80.21127319335938,45214920712,71806,512309
512384,03,03,13.009610176086426,80.21127319335938,45214920712,71816,512384
512452,03,03,13.009340286254883,80.2110824584961,45214920712,71826,512452
512525,03,03,13.009340286254883,80.2110824584961,45214920712,71836,512525
512599,03,03,13.009340286254883,80.2110824584961,45214920712,71846,512599
512673,03,03,13.009340286254883,80.2110824584961,45214920712,71857,512673
512746,03,03,13.009340286254883,80.2110824584961,45214920712,71867,512746
512820,03,03,13.009340286254883,80.2110824584961,45214920712,71877,512820
512894,03,03,13.009340286254883,80.2110824584961,45214920712,71887,512894
512966,03,03,13.009340286254883,80.2110824584961,45214920712,71897,512966
513039,03,03,13.009340286254883,80.2110824584961,45214920712,71907,513039
513113,03,03,13.009340286254883,80.2110824584961,45214920712,71917,513113
513184,03,03,13.009340286254883,80.2110824584961,45214920712,71927,513184
513252,03,03,13.009340286254883,80.2110824584961,45214920712,71937,513252
513327,03,03,13.009340286254883,80.2110824584961,45214920712,71947,513327
513398,03,03,13.009340286254883,80.2110824584961,45214920712,71957,513398
513476,03,03,13.009340286254883,80.2110824584961,45214920712,71968,513476
513549,03,03,13.009340286254883,80.2110824584961,45214920712,71978,513549
513622,03,03,13.009340286254883,80.2110824584961,45214920712,71988,513622
513697,03,03,13.009340286254883,80.2110824584961,45214920712,71998,513697
513765,03,03,13.009340286254883,80.2110824584961,45214920712,72008,513765
513838,03,03,13.009340286254883,80.2110824584961,45214920712,72018,513838
513911,03,03,13.009340286254883,80.2110824584961,45214920712,72028,513911
513980,03,03,13.009340286254883,80.2110824584961,45214920712,72038,513980
514055,03,03,13.009340286254883,80.2110824584961,45214920712,72048,514055
514128,03,03,13.009340286254883,80.2110824584961,45214920712,72058,514128
514201,03,03,13.009340286254883,80.2110824584961,45214920712,72069,514201
514277,03,03,13.009340286254883,80.2110824584961,45214920712,72079,514277
514350,03,03,13.009340286254883,80.2110824584961,45214920712,72089,514350
514422,03,03,13.009340286254883,80.2110824584961,45214920712,72099,514422
514493,03,03,13.009340286254883,80.2110824584961,45214920712,72109,514493
514570,03,03,13.009340286254883,80.2110824584961,45214920712,72119,514570
514643,03,03,13.009340286254883,80.2110824584961,45214920712,72129,514643
514718,03,03,13.009340286254883,80.2110824584961,45214920712,72139,514718
514790,03,03,13.009340286254883,80.2110824584961,45214920712,72149,514790
514863,03,03,13.009340286254883,80.2110824584961,45214920712,72159,514863
514940,03,03,13.009340286254883,80.2110824584961,45214920712,72169,514940
515016,03,03,13.009340286254883,80.2110824584961,45214920712,72180,515016
515092,03,03,13.009340286254883,80.2110824584961,45214920712,72190,515092
515163,03,03,13.009340286254883,80.2110824584961,45214920712,72200,515163
515233,03,03,13.009340286254883,80.2110824584961,45214920712,72210,515233
515306,03,03,13.009340286254883,80.2110824584961,45214920712,72220,515306
515378,03,03,13.009340286254883,80.2110824584961,45214920712,72230,515378
515451,03,03,13.009340286254883,80.2110824584961,45214920712,72240,515451
515523,03,03,13.009340286254883,80.2110824584961,45214920712,72250,515523
515596,03,03,13.009340286254883,80.2110824584961,45214920712,72260,515596
515677,03,03,13.009340286254883,80.2110824584961,45214920712,72271,515677
515755,03,03,13.009340286254883,80.2110824584961,45214920712,72281,515755
515821,03,03,13.009340286254883,80.2110824584961,45214920712,72291,515821
515890,03,03,13.009340286254883,80.2110824584961,45214920712,72301,515890
515963,03,03,13.009340286254883,80.2110824584961,45214920712,72311,515963
516040,03,03,13.009340286254883,80.2110824584961,45214920712,72321,516040
516112,03,03,13.009340286254883,80.2110824584961,45214920712,72331,516112
516180,03,03,13.009340286254883,80.2110824584961,45214920712,72341,516180
516252,03,03,13.009340286254883,80.2110824584961,45214920712,72351,516252
516327,03,03,13.009340286254883,80.2110824584961,45214920712,72361,516327
516401,03,03,13.009340286254883,80.2110824584961,45214920712,72371,516401
516479,03,03,13.009340286254883,80.2110824584961,45214920712,72382,516479
516551,03,03,13.009340286254883,80.2110824584961,45214920712,72392,516551
516625,03,03,13.009340286254883,80.2110824584961,45214920712,72402,516625
516698,03,03,13.009340286254883,80.2110824584961,45214920712,72412,516698
516771,03,03,13.009340286254883,80.2110824584961,45214920712,72422,516771
516844,03,03,13.009340286254883,80.2110824584961,45214920712,72432,516844
516918,03,03,13.009340286254883,80.2110824584961,45214920712,72442,516918
516991,03,03,13.009340286254883,80.2110824584961,45214920712,72452,516991
517064,03,03,13.009340286254883,80.2110824584961,45214920712,72462,517064
517133,03,03,13.009340286254883,80.2110824584961,45214920712,72472,517133
517216,03,03,13.009340286254883,80.2110824584961,45214920712,72483,517216
517282,03,03,13.009180068969727,80.21109008789062,45214920712,72493,517282
517362,03,03,13.00905990600586,80.21131896972656,45214920712,72503,517362
517436,03,03,13.008950233459473,80.21163940429688,45214920712,72513,517436
517504,03,03,13.009099960327148,80.21214294433594,45214920712,72523,517504
517571,03,03,13.009300231933594,80.21273040771484,45214920712,72533,517571
517648,03,03,13.009530067443848,80.21333312988281,45214920712,72543,517648
517722,03,03,13.009790420532227,80.21398162841797,45214920712,72553,517722
517790,03,03,13.010049819946289,80.21466827392578,45214920712,72563,517790
517862,03,03,13.010149955749512,80.21540832519531,45214920712,72572,517862
517927,03,03,13.010419845581055,80.21623229980469,45214920712,72582,517927
518014,03,03,13.010919570922852,80.21727752685547,45214920712,72594,518014
518085,03,03,13.011320114135742,80.21823120117188,45214920712,72604,518085
518155,03,03,13.011659622192383,80.21922302246094,45214920712,72614,518155
518236,03,03,13.01200008392334,80.22029113769531,45214920712,72624,518236
518306,03,03,13.012260437011719,80.22116088867188,45214920712,72634,518306
518378,03,03,13.012530326843262,80.2218017578125,45214920712,72644,518378
518452,03,03,13.012980461120605,80.22238159179688,45214920712,72654,518452
518523,03,03,13.013489723205566,80.22296905517578,45214920712,72664,518523
518594,03,03,13.014049530029297,80.2236328125,45214920712,72674,518594
518665,03,03,13.014570236206055,80.22428131103516,45214920712,72684,518665
518750,03,03,13.015159606933594,80.22493743896484,45214920712,72695,518750
518822,03,03,13.01537036895752,80.22521209716797,45214920712,72705,518822
518895,03,03,13.015399932861328,80.22528839111328,45214920712,72715,518895
518969,03,03,13.01533031463623,80.22570037841797,45214920712,72725,518969
519038,03,03,13.01494026184082,80.22595977783203,45214920712,72735,519038
519107,03,03,13.014869689941406,80.22599792480469,45214920712,72745,519107
519179,03,03,13.014869689941406,80.22599792480469,45214920712,72755,519179
519251,03,03,13.014530181884766,80.22614288330078,45214920712,72765,519251
519324,03,03,13.01393985748291,80.22637939453125,45214920712,72775,519324
519394,03,03,13.013449668884277,80.22650146484375,45214920712,72785,519394
519519,03,03,13.013360023498535,80.2265396118164,45214920712,72802,519519
519603,03,03,13.013360023498535,80.2265396118164,45214920712,72814,519603
519674,03,03,13.013360023498535,80.2265396118164,45214920712,72824,519674
519738,03,03,13.013360023498535,80.2265396118164,45214920712,72833,519738
519817,03,03,13.013360023498535,80.2265396118164,45214920712,72844,519817
519890,03,03,13.013360023498535,80.2265396118164,45214920712,72854,519890
519961,03,03,13.013360023498535,80.2265396118164,45214920712,72864,519961
520037,03,03,13.013360023498535,80.2265396118164,45214920712,72874,520037
520108,03,03,13.013360023498535,80.2265396118164,45214920712,72884,520108
520179,03,03,13.013360023498535,80.2265396118164,45214920712,72894,520179
520254,03,03,13.013360023498535,80.2265396118164,45214920712,72905,520254
520328,03,03,13.013360023498535,80.2265396118164,45214920712,72915,520328
520401,03,03,13.013360023498535,80.2265396118164,45214920712,72925,520401
520472,03,03,13.013360023498535,80.2265396118164,45214920712,72935,520472
520547,03,03,13.013360023498535,80.2265396118164,45214920712,72945,520547
520618,03,03,13.013360023498535,80.2265396118164,45214920712,72955,520618
520694,03,03,13.013360023498535,80.2265396118164,45214920712,72965,520694
520764,03,03,13.013360023498535,80.2265396118164,45214920712,72975,520764
520836,03,03,13.013360023498535,80.2265396118164,45214920712,72985,520836
520908,03,03,13.013360023498535,80.2265396118164,45214920712,72995,520908
520984,03,03,13.013360023498535,80.2265396118164,45214920712,73006,520984
521057,03,03,13.013360023498535,80.2265396118164,45214920712,73016,521057
521130,03,03,13.013360023498535,80.2265396118164,45214920712,73026,521130
521202,03,03,13.013360023498535,80.2265396118164,45214920712,73036,521202
521274,03,03,13.013360023498535,80.2265396118164,45214920712,73046,521274
521348,03,03,13.013360023498535,80.2265396118164,45214920712,73056,521348
521419,03,03,13.013360023498535,80.2265396118164,45214920712,73066,521419
521495,03,03,13.013360023498535,80.2265396118164,45214920712,73076,521495
521565,03,03,13.013360023498535,80.2265396118164,45214920712,73086,521565
521634,03,03,13.013360023498535,80.2265396118164,45214920712,73096,521634
521713,03,03,13.013360023498535,80.2265396118164,45214920712,73107,521713
521783,03,03,13.013360023498535,80.2265396118164,45214920712,73117,521783
521852,03,03,13.013360023498535,80.2265396118164,45214920712,73127,521852
521931,03,03,13.013360023498535,80.2265396118164,45214920712,73137,521931
521999,03,03,13.013360023498535,80.2265396118164,45214920712,73147,521999
522072,03,03,13.013360023498535,80.2265396118164,45214920712,73157,522072
522141,03,03,13.013360023498535,80.2265396118164,45214920712,73167,522141
522221,03,03,13.013360023498535,80.2265396118164,45214920712,73177,522221
522290,03,03,13.013360023498535,80.2265396118164,45214920712,73187,522290
522360,03,03,13.013360023498535,80.2265396118164,45214920712,73197,522360
522430,03,03,13.013360023498535,80.2265396118164,45214920712,73207,522430
522509,03,03,13.013360023498535,80.2265396118164,45214920712,73218,522509
522578,03,03,13.013360023498535,80.2265396118164,45214920712,73228,522578
522651,03,03,13.013360023498535,80.2265396118164,45214920712,73238,522651
522722,03,03,13.013360023498535,80.2265396118164,45214920712,73248,522722
522796,03,03,13.013360023498535,80.2265396118164,45214920712,73258,522796
522869,03,03,13.013360023498535,80.2265396118164,45214920712,73268,522869
522940,03,03,13.013360023498535,80.2265396118164,45214920712,73278,522940
523013,03,03,13.013360023498535,80.2265396118164,45214920712,73288,523013
523084,03,03,13.013360023498535,80.2265396118164,45214920712,73298,523084
523158,03,03,13.013360023498535,80.2265396118164,45214920712,73308,523158
523232,03,03,13.013360023498535,80.2265396118164,45214920712,73319,523232
523307,03,03,13.013360023498535,80.2265396118164,45214920712,73329,523307
523382,03,03,13.013360023498535,80.2265396118164,45214920712,73339,523382
523454,03,03,13.013360023498535,80.2265396118164,45214920712,73349,523454
523523,03,03,13.013360023498535,80.2265396118164,45214920712,73359,523523
523597,03,03,13.013360023498535,80.2265396118164,45214920712,73369,523597
523666,03,03,13.013360023498535,80.2265396118164,45214920712,73379,523666
523741,03,03,13.013360023498535,80.2265396118164,45214920712,73389,523741
523811,03,03,13.013360023498535,80.2265396118164,45214920712,73399,523811
523886,03,03,13.013360023498535,80.2265396118164,45214920712,73409,523886
523957,03,03,13.013360023498535,80.2265396118164,45214920712,73419,523957
524035,03,03,13.013360023498535,80.2265396118164,45214920712,73430,524035
524110,03,03,13.013360023498535,80.2265396118164,45214920712,73440,524110
524184,03,03,13.013360023498535,80.2265396118164,45214920712,73450,524184
524253,03,03,13.013360023498535,80.2265396118164,45214920712,73460,524253
524321,03,03,13.013360023498535,80.2265396118164,45214920712,73470,524321
524396,03,03,13.013360023498535,80.2265396118164,45214920712,73480,524396
524467,03,03,13.013360023498535,80.2265396118164,45214920712,73490,524467
524540,03,03,13.013360023498535,80.2265396118164,45214920712,73500,524540
524611,03,03,13.013360023498535,80.2265396118164,45214920712,73510,524611
524686,03,03,13.013360023498535,80.2265396118164,45214920712,73520,524686
524759,03,03,13.013360023498535,80.2265396118164,45214920712,73531,524759
524832,03,03,13.013360023498535,80.2265396118164,45214920712,73541,524832
524907,03,03,13.013360023498535,80.2265396118164,45214920712,73551,524907
524977,03,03,13.013360023498535,80.2265396118164,45214920712,73561,524977
525053,03,03,13.013360023498535,80.2265396118164,45214920712,73571,525053
525123,03,03,13.013360023498535,80.2265396118164,45214920712,73581,525123
525197,03,03,13.013360023498535,80.2265396118164,45214920712,73591,525197
525268,03,03,13.013360023498535,80.2265396118164,45214920712,73601,525268
525340,03,03,13.013360023498535,80.2265396118164,45214920712,73611,525340
525412,03,03,13.013360023498535,80.2265396118164,45214920712,73621,525412
525489,03,03,13.013360023498535,80.2265396118164,45214920712,73632,525489
525565,03,03,13.013360023498535,80.2265396118164,45214920712,73642,525565
525637,03,03,13.013360023498535,80.2265396118164,45214920712,73652,525637
525708,03,03,13.013360023498535,80.2265396118164,45214920712,73662,525708
525776,03,03,13.013360023498535,80.2265396118164,45214920712,73672,525776
525853,03,03,13.013360023498535,80.2265396118164,45214920712,73682,525853
525925,03,03,13.013360023498535,80.2265396118164,45214920712,73692,525925
525929,03,03,13.013360023498535,80.2265396118164,45214920712,73692,525929
526011,03,03,13.013360023498535,80.2265396118164,45214920712,73702,526011
526085,03,03,13.013360023498535,80.2265396118164,45214920712,73712,526085
526155,03,03,13.013360023498535,80.2265396118164,45214920712,73722,526155
526228,03,03,13.013360023498535,80.2265396118164,45214920712,73732,526228
526303,03,03,13.013360023498535,80.2265396118164,45214920712,73743,526303
526379,03,03,13.013360023498535,80.2265396118164,45214920712,73753,526379
526454,03,03,13.013360023498535,80.2265396118164,45214920712,73764,526454
526519,03,03,13.013360023498535,80.2265396118164,45214920712,73774,526519
526595,03,03,13.013360023498535,80.2265396118164,45214920712,73784,526595
526662,03,03,13.013360023498535,80.2265396118164,45214920712,73793,526662
526738,03,03,13.013360023498535,80.2265396118164,45214920712,73804,526738
526806,03,03,13.013360023498535,80.2265396118164,45214920712,73814,526806
526878,03,03,13.013360023498535,80.2265396118164,45214920712,73824,526878
526950,03,03,13.013360023498535,80.2265396118164,45214920712,73834,526950
527025,03,03,13.013360023498535,80.2265396118164,45214920712,73845,527025
527098,03,03,13.013360023498535,80.2265396118164,45214920712,73855,527098
527169,03,03,13.013360023498535,80.2265396118164,45214920712,73865,527169
527240,03,03,13.013360023498535,80.2265396118164,45214920712,73875,527240
527311,03,03,13.013360023498535,80.2265396118164,45214920712,73885,527311
527381,03,03,13.013360023498535,80.2265396118164,45214920712,73895,527381
527453,03,03,13.013360023498535,80.2265396118164,45214920712,73905,527453
527527,03,03,13.013360023498535,80.2265396118164,45214920712,73915,527527
527596,03,03,13.013360023498535,80.2265396118164,45214920712,73925,527596
527671,03,03,13.013360023498535,80.2265396118164,45214920712,73935,527671
527745,03,03,13.013360023498535,80.2265396118164,45214920712,73946,527745
527815,03,03,13.013360023498535,80.2265396118164,45214920712,73956,527815
527887,03,03,13.013360023498535,80.2265396118164,45214920712,73966,527887
527957,03,03,13.013360023498535,80.2265396118164,45214920712,73976,527957
528027,03,03,13.013360023498535,80.2265396118164,45214920712,73986,528027
528098,03,03,13.013360023498535,80.2265396118164,45214920712,73996,528098
528167,03,03,13.013360023498535,80.2265396118164,45214920712,74006,528167
528240,03,03,13.013360023498535,80.2265396118164,45214920712,74016,528240
528312,03,03,13.013360023498535,80.2265396118164,45214920712,74026,528312
528383,03,03,13.013360023498535,80.2265396118164,45214920712,74036,528383
528456,03,03,13.013360023498535,80.2265396118164,45214920712,74047,528456
528528,03,03,13.013360023498535,80.2265396118164,45214920712,74057,528528
528598,03,03,13.013360023498535,80.2265396118164,45214920712,74067,528598
528665,03,03,13.013360023498535,80.2265396118164,45214920712,74077,528665
528735,03,03,13.013360023498535,80.2265396118164,45214920712,74087,528735
528809,03,03,13.013360023498535,80.2265396118164,45214920712,74097,528809
528878,03,03,13.013360023498535,80.2265396118164,45214920712,74107,528878
528951,03,03,13.013360023498535,80.2265396118164,45214920712,74117,528951
529020,03,03,13.013360023498535,80.2265396118164,45214920712,74127,529020
529090,03,03,13.013360023498535,80.2265396118164,45214920712,74137,529090
529165,03,03,13.013360023498535,80.2265396118164,45214920712,74147,529165
529239,03,03,13.013360023498535,80.2265396118164,45214920712,74158,529239
529311,03,03,13.013360023498535,80.2265396118164,45214920712,74168,529311
529380,03,03,13.013360023498535,80.2265396118164,45214920712,74178,529380
529451,03,03,13.013360023498535,80.2265396118164,45214920712,74188,529451
529522,03,03,13.013360023498535,80.2265396118164,45214920712,74198,529522
529595,03,03,13.013360023498535,80.2265396118164,45214920712,74208,529595
529668,03,03,13.013360023498535,80.2265396118164,45214920712,74218,529668
529734,03,03,13.013360023498535,80.2265396118164,45214920712,74228,529734
529812,03,03,13.013360023498535,80.2265396118164,45214920712,74238,529812
529885,03,03,13.013360023498535,80.2265396118164,45214920712,74248,529885
529957,03,03,13.013360023498535,80.2265396118164,45214920712,74259,529957
530028,03,03,13.013360023498535,80.2265396118164,45214920712,74269,530028
530099,03,03,13.013360023498535,80.2265396118164,45214920712,74279,530099
530169,03,03,13.013360023498535,80.2265396118164,45214920712,74289,530169
530240,03,03,13.013360023498535,80.2265396118164,45214920712,74299,530240
530310,03,03,13.013360023498535,80.2265396118164,45214920712,74309,530310
530378,03,03,13.013360023498535,80.2265396118164,45214920712,74319,530378
530452,03,03,13.013360023498535,80.2265396118164,45214920712,74329,530452
530525,03,03,13.013360023498535,80.2265396118164,45214920712,74339,530525
530595,03,03,13.013360023498535,80.2265396118164,45214920712,74349,530595
530669,03,03,13.013360023498535,80.2265396118164,45214920712,74360,530669
530738,03,03,13.013360023498535,80.2265396118164,45214920712,74370,530738
530810,03,03,13.013360023498535,80.2265396118164,45214920712,74380,530810
530884,03,03,13.013360023498535,80.2265396118164,45214920712,74390,530884
530957,03,03,13.013360023498535,80.2265396118164,45214920712,74400,530957
531027,03,03,13.013360023498535,80.2265396118164,45214920712,74410,531027
531100,03,03,13.013360023498535,80.2265396118164,45214920712,74420,531100
531173,03,03,13.013360023498535,80.2265396118164,45214920712,74430,531173
531244,03,03,13.013360023498535,80.2265396118164,45214920712,74440,531244
531314,03,03,13.013360023498535,80.2265396118164,45214920712,74450,531314
531387,03,03,13.013360023498535,80.2265396118164,45214920712,74460,531387
531464,03,03,13.013360023498535,80.2265396118164,45214920712,74471,531464
531535,03,03,13.013360023498535,80.2265396118164,45214920712,74481,531535
531607,03,03,13.013360023498535,80.2265396118164,45214920712,74491,531607
531679,03,03,13.013360023498535,80.2265396118164,45214920712,74501,531679
531749,03,03,13.013360023498535,80.2265396118164,45214920712,74511,531749
531824,03,03,13.013360023498535,80.2265396118164,45214920712,74521,531824
531891,03,03,13.013360023498535,80.2265396118164,45214920712,74531,531891
531968,03,03,13.013360023498535,80.2265396118164,45214920712,74541,531968
532037,03,03,13.013360023498535,80.2265396118164,45214920712,74551,532037
532111,03,03,13.013360023498535,80.2265396118164,45214920712,74561,532111
532185,03,03,13.013360023498535,80.2265396118164,45214920712,74572,532185
532261,03,03,13.013360023498535,80.2265396118164,45214920712,74582,532261
532334,03,03,13.013360023498535,80.2265396118164,45214920712,74592,532334
532406,03,03,13.013360023498535,80.2265396118164,45214920712,74602,532406
532479,03,03,13.013360023498535,80.2265396118164,45214920712,74612,532479
532547,03,03,13.013360023498535,80.2265396118164,45214920712,74622,532547
532617,03,03,13.013360023498535,80.2265396118164,45214920712,74632,532617
532691,03,03,13.013360023498535,80.2265396118164,45214920712,74642,532691
532761,03,03,13.013360023498535,80.2265396118164,45214920712,74652,532761
532836,03,03,13.013360023498535,80.2265396118164,45214920712,74662,532836
532912,03,03,13.013360023498535,80.2265396118164,45214920712,74673,532912
532981,03,03,13.013360023498535,80.2265396118164,45214920712,74683,532981
533058,03,03,13.013360023498535,80.2265396118164,45214920712,74693,533058
533125,03,03,13.013360023498535,80.2265396118164,45214920712,74703,533125
533199,03,03,13.013360023498535,80.2265396118164,45214920712,74713,533199
533267,03,03,13.013360023498535,80.2265396118164,45214920712,74723,533267
533337,03,03,13.013360023498535,80.2265396118164,45214920712,74733,533337
533407,03,03,13.013360023498535,80.2265396118164,45214920712,74743,533407
533477,03,03,13.013360023498535,80.2265396118164,45214920712,74753,533477
533552,03,03,13.013360023498535,80.2265396118164,45214920712,74763,533552
533617,03,03,13.013360023498535,80.2265396118164,45214920712,74773,533617
533695,03,03,13.013360023498535,80.2265396118164,45214920712,74784,533695
533768,03,03,13.013360023498535,80.2265396118164,45214920712,74794,533768
533839,03,03,13.013360023498535,80.2265396118164,45214920712,74804,533839
533909,03,03,13.013360023498535,80.2265396118164,45214920712,74814,533909
533982,03,03,13.013360023498535,80.2265396118164,45214920712,74824,533982
534051,03,03,13.013360023498535,80.2265396118164,45214920712,74834,534051
534123,03,03,13.013360023498535,80.2265396118164,45214920712,74844,534123
534197,03,03,13.013360023498535,80.2265396118164,45214920712,74854,534197
534270,03,03,13.013360023498535,80.2265396118164,45214920712,74864,534270
534341,03,03,13.013360023498535,80.2265396118164,45214920712,74874,534341
534417,03,03,13.013360023498535,80.2265396118164,45214920712,74885,534417
534491,03,03,13.013360023498535,80.2265396118164,45214920712,74895,534491
534564,03,03,13.013360023498535,80.2265396118164,45214920712,74905,534564
534637,03,03,13.013360023498535,80.2265396118164,45214920712,74915,534637
534711,03,03,13.013360023498535,80.2265396118164,45214920712,74925,534711
534779,03,03,13.013360023498535,80.2265396118164,45214920712,74935,534779
534854,03,03,13.013360023498535,80.2265396118164,45214920712,74945,534854
534929,03,03,13.013360023498535,80.2265396118164,45214920712,74955,534929
534998,03,03,13.013360023498535,80.2265396118164,45214920712,74965,534998
535072,03,03,13.013360023498535,80.2265396118164,45214920712,74975,535072
535148,03,03,13.013360023498535,80.2265396118164,45214920712,74986,535148
535220,03,03,13.013360023498535,80.2265396118164,45214920712,74996,535220
535293,03,03,13.013360023498535,80.2265396118164,45214920712,75006,535293
535369,03,03,13.013360023498535,80.2265396118164,45214920712,75016,535369
535437,03,03,13.013360023498535,80.2265396118164,45214920712,75026,535437
535510,03,03,13.013360023498535,80.2265396118164,45214920712,75036,535510
535584,03,03,13.013360023498535,80.2265396118164,45214920712,75046,535584
535655,03,03,13.013360023498535,80.2265396118164,45214920712,75056,535655
535727,03,03,13.013360023498535,80.2265396118164,45214920712,75066,535727
535795,03,03,13.013360023498535,80.2265396118164,45214920712,75076,535795
535873,03,03,13.013360023498535,80.2265396118164,45214920712,75086,535873
535948,03,03,13.013360023498535,80.2265396118164,45214920712,75097,535948
536023,03,03,13.013360023498535,80.2265396118164,45214920712,75107,536023
536093,03,03,13.013360023498535,80.2265396118164,45214920712,75117,536093
536165,03,03,13.013360023498535,80.2265396118164,45214920712,75127,536165
536237,03,03,13.013360023498535,80.2265396118164,45214920712,75137,536237
536312,03,03,13.013360023498535,80.2265396118164,45214920712,75147,536312
536384,03,03,13.013360023498535,80.2265396118164,45214920712,75157,536384
536455,03,03,13.013360023498535,80.2265396118164,45214920712,75167,536455
536528,03,03,13.013360023498535,80.2265396118164,45214920712,75177,536528
536598,03,03,13.013360023498535,80.2265396118164,45214920712,75187,536598
536676,03,03,13.013360023498535,80.2265396118164,45214920712,75198,536676
536746,03,03,13.013360023498535,80.2265396118164,45214920712,75208,536746
536821,03,03,13.013360023498535,80.2265396118164,45214920712,75218,536821
536893,03,03,13.013360023498535,80.2265396118164,45214920712,75228,536893
536959,03,03,13.013360023498535,80.2265396118164,45214920712,75238,536959
537033,03,03,13.013360023498535,80.2265396118164,45214920712,75248,537033
537103,03,03,13.013360023498535,80.2265396118164,45214920712,75258,537103
537178,03,03,13.013360023498535,80.2265396118164,45214920712,75268,537178
537249,03,03,13.013360023498535,80.2265396118164,45214920712,75278,537249
537317,03,03,13.013360023498535,80.2265396118164,45214920712,75288,537317
537403,03,03,13.013360023498535,80.2265396118164,45214920712,75299,537403
537478,03,03,13.013360023498535,80.2265396118164,45214920712,75309,537478
537556,03,03,13.013360023498535,80.2265396118164,45214920712,75319,537556
537627,03,03,13.013360023498535,80.2265396118164,45214920712,75329,537627
537699,03,03,13.013360023498535,80.2265396118164,45214920712,75339,537699
537767,03,03,13.013360023498535,80.2265396118164,45214920712,75349,537767
537841,03,03,13.013360023498535,80.2265396118164,45214920712,75359,537841
537912,03,03,13.013360023498535,80.2265396118164,45214920712,75369,537912
537995,03,03,13.013360023498535,80.2265396118164,45214920712,75379,537995
538063,03,03,13.013360023498535,80.2265396118164,45214920712,75389,538063
538133,03,03,13.013360023498535,80.2265396118164,45214920712,75399,538133
538219,03,03,13.013360023498535,80.2265396118164,45214920712,75410,538219
538291,03,03,13.013360023498535,80.2265396118164,45214920712,75420,538291
538369,03,03,13.013360023498535,80.2265396118164,45214920712,75430,538369
538441,03,03,13.013360023498535,80.2265396118164,45214920712,75440,538441
538512,03,03,13.013360023498535,80.2265396118164,45214920712,75450,538512
538585,03,03,13.013360023498535,80.2265396118164,45214920712,75460,538585
538654,03,03,13.013360023498535,80.2265396118164,45214920712,75470,538654
538724,03,03,13.013360023498535,80.2265396118164,45214920712,75480,538724
538809,03,03,13.013360023498535,80.2265396118164,45214920712,75490,538809
538878,03,03,13.013360023498535,80.2265396118164,45214920712,75500,538878
538956,03,03,13.013360023498535,80.2265396118164,45214920712,75511,538956
539027,03,03,13.013360023498535,80.2265396118164,45214920712,75521,539027
539107,03,03,13.013360023498535,80.2265396118164,45214920712,75531,539107
539179,03,03,13.013360023498535,80.2265396118164,45214920712,75541,539179
539247,03,03,13.013360023498535,80.2265396118164,45214920712,75551,539247
539317,03,03,13.013360023498535,80.2265396118164,45214920712,75561,539317
539389,03,03,13.013360023498535,80.2265396118164,45214920712,75571,539389
539460,03,03,13.013360023498535,80.2265396118164,45214920712,75581,539460
539533,03,03,13.013360023498535,80.2265396118164,45214920712,75591,539533
539605,03,03,13.013360023498535,80.2265396118164,45214920712,75601,539605
539681,03,03,13.013360023498535,80.2265396118164,45214920712,75612,539681
539752,03,03,13.013360023498535,80.2265396118164,45214920712,75622,539752
539819,03,03,13.013360023498535,80.2265396118164,45214920712,75632,539819
539892,03,03,13.013360023498535,80.2265396118164,45214920712,75642,539892
539964,03,03,13.013360023498535,80.2265396118164,45214920712,75652,539964
540031,03,03,13.013360023498535,80.2265396118164,45214920712,75662,540031
540103,03,03,13.013360023498535,80.2265396118164,45214920712,75672,540103
540173,03,03,13.013360023498535,80.2265396118164,45214920712,75682,540173
540243,03,03,13.013360023498535,80.2265396118164,45214920712,75692,540243
540313,03,03,13.013360023498535,80.2265396118164,45214920712,75702,540313
540379,03,03,13.013360023498535,80.2265396118164,45214920712,75712,540379
540461,03,03,13.013360023498535,80.2265396118164,45214920712,75723,540461
540533,03,03,13.013360023498535,80.2265396118164,45214920712,75733,540533
540604,03,03,13.013360023498535,80.2265396118164,45214920712,75743,540604
540675,03,03,13.013360023498535,80.2265396118164,45214920712,75753,540675
540743,03,03,13.013360023498535,80.2265396118164,45214920712,75763,540743
540813,03,03,13.013360023498535,80.2265396118164,45214920712,75773,540813
540888,03,03,13.013360023498535,80.2265396118164,45214920712,75783,540888
540953,03,03,13.013360023498535,80.2265396118164,45214920712,75793,540953
541030,03,03,13.013360023498535,80.2265396118164,45214920712,75803,541030
541096,03,03,13.013360023498535,80.2265396118164,45214920712,75813,541096
541175,03,03,13.013360023498535,80.2265396118164,45214920712,75824,541175
541242,03,03,13.013360023498535,80.2265396118164,45214920712,75834,541242
541314,03,03,13.013360023498535,80.2265396118164,45214920712,75844,541314
541383,03,03,13.013360023498535,80.2265396118164,45214920712,75854,541383
541457,03,03,13.013360023498535,80.2265396118164,45214920712,75864,541457
541528,03,03,13.013360023498535,80.2265396118164,45214920712,75874,541528
541594,03,03,13.013360023498535,80.2265396118164,45214920712,75884,541594
541670,03,03,13.013360023498535,80.2265396118164,45214920712,75894,541670
541738,03,03,13.013360023498535,80.2265396118164,45214920712,75904,541738
541808,03,03,13.013360023498535,80.2265396118164,45214920712,75914,541808
541890,03,03,13.013360023498535,80.2265396118164,45214920712,75925,541890
541961,03,03,13.013360023498535,80.2265396118164,45214920712,75935,541961
542030,03,03,13.013360023498535,80.2265396118164,45214920712,75945,542030
542099,03,03,13.013360023498535,80.2265396118164,45214920712,75955,542099
542171,03,03,13.013360023498535,80.2265396118164,45214920712,75965,542171
542242,03,03,13.013360023498535,80.2265396118164,45214920712,75975,542242
542316,03,03,13.013360023498535,80.2265396118164,45214920712,75985,542316
542390,03,03,13.013360023498535,80.2265396118164,45214920712,75995,542390
542460,03,03,13.013360023498535,80.2265396118164,45214920712,76005,542460
542534,03,03,13.013360023498535,80.2265396118164,45214920712,76015,542534
542603,03,03,13.013360023498535,80.2265396118164,45214920712,76025,542603
542681,03,03,13.013360023498535,80.2265396118164,45214920712,76036,542681
542753,03,03,13.013360023498535,80.2265396118164,45214920712,76046,542753
542820,03,03,13.013360023498535,80.2265396118164,45214920712,76056,542820
542889,03,03,13.013360023498535,80.2265396118164,45214920712,76066,542889
542961,03,03,13.013360023498535,80.2265396118164,45214920712,76076,542961
543032,03,03,13.013360023498535,80.2265396118164,45214920712,76086,543032
543103,03,03,13.013360023498535,80.2265396118164,45214920712,76096,543103
543175,03,03,13.013360023498535,80.2265396118164,45214920712,76106,543175
543251,03,03,13.013360023498535,80.2265396118164,45214920712,76116,543251
543321,03,03,13.013360023498535,80.2265396118164,45214920712,76126,543321
543399,03,03,13.013360023498535,80.2265396118164,45214920712,76137,543399
543470,03,03,13.013360023498535,80.2265396118164,45214920712,76147,543470
543539,03,03,13.013360023498535,80.2265396118164,45214920712,76157,543539
543615,03,03,13.013360023498535,80.2265396118164,45214920712,76167,543615
543692,03,03,13.013360023498535,80.2265396118164,45214920712,76177,543692
543756,03,03,13.013360023498535,80.2265396118164,45214920712,76187,543756
543828,03,03,13.013360023498535,80.2265396118164,45214920712,76197,543828
543900,03,03,13.013360023498535,80.2265396118164,45214920712,76207,543900
543970,03,03,13.013360023498535,80.2265396118164,45214920712,76217,543970
544041,03,03,13.013360023498535,80.2265396118164,45214920712,76227,544041
544114,03,03,13.013360023498535,80.2265396118164,45214920712,76237,544114
544189,03,03,13.013360023498535,80.2265396118164,45214920712,76248,544189
544261,03,03,13.013360023498535,80.2265396118164,45214920712,76258,544261
544332,03,03,13.013360023498535,80.2265396118164,45214920712,76268,544332
544404,03,03,13.013360023498535,80.2265396118164,45214920712,76278,544404
544475,03,03,13.013360023498535,80.2265396118164,45214920712,76288,544475
544546,03,03,13.013360023498535,80.2265396118164,45214920712,76298,544546
544619,03,03,13.013360023498535,80.2265396118164,45214920712,76308,544619
544689,03,03,13.013360023498535,80.2265396118164,45214920712,76318,544689
544761,03,03,13.013360023498535,80.2265396118164,45214920712,76328,544761
544831,03,03,13.013360023498535,80.2265396118164,45214920712,76338,544831
544908,03,03,13.013360023498535,80.2265396118164,45214920712,76349,544908
544978,03,03,13.013360023498535,80.2265396118164,45214920712,76359,544978
545052,03,03,13.013360023498535,80.2265396118164,45214920712,76369,545052
545122,03,03,13.013360023498535,80.2265396118164,45214920712,76379,545122
545191,03,03,13.013360023498535,80.2265396118164,45214920712,76389,545191
545261,03,03,13.013360023498535,80.2265396118164,45214920712,76399,545261
545336,03,03,13.013360023498535,80.2265396118164,45214920712,76409,545336
545404,03,03,13.013360023498535,80.2265396118164,45214920712,76419,545404
545474,03,03,13.013360023498535,80.2265396118164,45214920712,76429,545474
545543,03,03,13.013360023498535,80.2265396118164,45214920712,76439,545543
545624,03,03,13.013360023498535,80.2265396118164,45214920712,76450,545624
545695,03,03,13.013360023498535,80.2265396118164,45214920712,76460,545695
545765,03,03,13.013360023498535,80.2265396118164,45214920712,76470,545765
545838,03,03,13.013360023498535,80.2265396118164,45214920712,76480,545838
545913,03,03,13.013360023498535,80.2265396118164,45214920712,76490,545913
545983,03,03,13.013360023498535,80.2265396118164,45214920712,76500,545983
546056,03,03,13.013360023498535,80.2265396118164,45214920712,76510,546056
546128,03,03,13.013360023498535,80.2265396118164,45214920712,76520,546128
546202,03,03,13.013360023498535,80.2265396118164,45214920712,76530,546202
546272,03,03,13.013360023498535,80.2265396118164,45214920712,76540,546272
546345,03,03,13.013360023498535,80.2265396118164,45214920712,76550,546345
546427,03,03,13.013360023498535,80.2265396118164,45214920712,76561,546427
546497,03,03,13.013360023498535,80.2265396118164,45214920712,76571,546497
546567,03,03,13.013360023498535,80.2265396118164,45214920712,76581,546567
546638,03,03,13.013360023498535,80.2265396118164,45214920712,76591,546638
546715,03,03,13.013360023498535,80.2265396118164,45214920712,76601,546715
546787,03,03,13.013360023498535,80.2265396118164,45214920712,76611,546787
546858,03,03,13.013360023498535,80.2265396118164,45214920712,76621,546858
546930,03,03,13.013360023498535,80.2265396118164,45214920712,76631,546930
547000,03,03,13.013360023498535,80.2265396118164,45214920712,76641,547000
547076,03,03,13.013360023498535,80.2265396118164,45214920712,76651,547076
547157,03,03,13.013360023498535,80.2265396118164,45214920712,76662,547157
547230,03,03,13.013360023498535,80.2265396118164,45214920712,76672,547230
547299,03,03,13.013360023498535,80.2265396118164,45214920712,76682,547299
547368,03,03,13.013360023498535,80.2265396118164,45214920712,76692,547368
547442,03,03,13.013360023498535,80.2265396118164,45214920712,76702,547442
547511,03,03,13.013360023498535,80.2265396118164,45214920712,76712,547511
547585,03,03,13.013360023498535,80.2265396118164,45214920712,76722,547585
547657,03,03,13.013360023498535,80.2265396118164,45214920712,76732,547657
547727,03,03,13.013360023498535,80.2265396118164,45214920712,76742,547727
547802,03,03,13.013360023498535,80.2265396118164,45214920712,76752,547802
547878,03,03,13.013360023498535,80.2265396118164,45214920712,76763,547878
547954,03,03,13.013360023498535,80.2265396118164,45214920712,76773,547954
548026,03,03,13.013360023498535,80.2265396118164,45214920712,76783,548026
548095,03,03,13.013360023498535,80.2265396118164,45214920712,76793,548095
548168,03,03,13.013360023498535,80.2265396118164,45214920712,76803,548168
548240,03,03,13.013360023498535,80.2265396118164,45214920712,76813,548240
548314,03,03,13.013360023498535,80.2265396118164,45214920712,76823,548314
548381,03,03,13.013360023498535,80.2265396118164,45214920712,76833,548381
548457,03,03,13.013360023498535,80.2265396118164,45214920712,76843,548457
548527,03,03,13.013360023498535,80.2265396118164,45214920712,76853,548527
548602,03,03,13.013360023498535,80.2265396118164,45214920712,76863,548602
548676,03,03,13.013360023498535,80.2265396118164,45214920712,76874,548676
548749,03,03,13.013360023498535,80.2265396118164,45214920712,76884,548749
548826,03,03,13.013360023498535,80.2265396118164,45214920712,76894,548826
548896,03,03,13.013360023498535,80.2265396118164,45214920712,76904,548896
548971,03,03,13.013360023498535,80.2265396118164,45214920712,76914,548971
549044,03,03,13.013360023498535,80.2265396118164,45214920712,76924,549044
549115,03,03,13.013360023498535,80.2265396118164,45214920712,76934,549115
549190,03,03,13.013360023498535,80.2265396118164,45214920712,76944,549190
549259,03,03,13.013360023498535,80.2265396118164,45214920712,76954,549259
549330,03,03,13.013360023498535,80.2265396118164,45214920712,76964,549330
549411,03,03,13.013360023498535,80.2265396118164,45214920712,76975,549411
549480,03,03,13.013360023498535,80.2265396118164,45214920712,76985,549480
549554,03,03,13.013360023498535,80.2265396118164,45214920712,76995,549554
549629,03,03,13.013360023498535,80.2265396118164,45214920712,77005,549629
549700,03,03,13.013360023498535,80.2265396118164,45214920712,77015,549700
549773,03,03,13.013360023498535,80.2265396118164,45214920712,77025,549773
549848,03,03,13.013360023498535,80.2265396118164,45214920712,77035,549848
549915,03,03,13.013360023498535,80.2265396118164,45214920712,77045,549915
549991,03,03,13.013360023498535,80.2265396118164,45214920712,77055,549991
550058,03,03,13.013360023498535,80.2265396118164,45214920712,77065,550058
550136,03,03,13.013360023498535,80.2265396118164,45214920712,77076,550136
550211,03,03,13.013360023498535,80.2265396118164,45214920712,77086,550211
550280,03,03,13.013360023498535,80.2265396118164,45214920712,77096,550280
550353,03,03,13.013360023498535,80.2265396118164,45214920712,77106,550353
550423,03,03,13.013360023498535,80.2265396118164,45214920712,77116,550423
550499,03,03,13.013360023498535,80.2265396118164,45214920712,77126,550499
550566,03,03,13.013360023498535,80.2265396118164,45214920712,77136,550566
550640,03,03,13.013360023498535,80.2265396118164,45214920712,77146,550640
550711,03,03,13.013360023498535,80.2265396118164,45214920712,77156,550711
550782,03,03,13.013360023498535,80.2265396118164,45214920712,77166,550782
550859,03,03,13.013360023498535,80.2265396118164,45214920712,77177,550859
550929,03,03,13.013360023498535,80.2265396118164,45214920712,77187,550929
550997,03,03,13.013360023498535,80.2265396118164,45214920712,77197,550997
551071,03,03,13.013360023498535,80.2265396118164,45214920712,77207,551071
551139,03,03,13.013360023498535,80.2265396118164,45214920712,77217,551139
551210,03,03,13.013360023498535,80.2265396118164,45214920712,77227,551210
551282,03,03,13.013360023498535,80.2265396118164,45214920712,77237,551282
551358,03,03,13.013360023498535,80.2265396118164,45214920712,77247,551358
551427,03,03,13.013360023498535,80.2265396118164,45214920712,77257,551427
551496,03,03,13.013360023498535,80.2265396118164,45214920712,77267,551496
551569,03,03,13.013360023498535,80.2265396118164,45214920712,77277,551569
551650,03,03,13.013360023498535,80.2265396118164,45214920712,77288,551650
551728,03,03,13.013360023498535,80.2265396118164,45214920712,77298,551728
551805,03,03,13.013360023498535,80.2265396118164,45214920712,77308,551805
551878,03,03,13.013360023498535,80.2265396118164,45214920712,77318,551878
551944,03,03,13.013360023498535,80.2265396118164,45214920712,77328,551944
552016,03,03,13.013360023498535,80.2265396118164,45214920712,77338,552016
552083,03,03,13.013360023498535,80.2265396118164,45214920712,77348,552083
552157,03,03,13.013360023498535,80.2265396118164,45214920712,77358,552157
552222,03,03,13.013360023498535,80.2265396118164,45214920712,77368,552222
552293,03,03,13.013360023498535,80.2265396118164,45214920712,77378,552293
552371,03,03,13.013360023498535,80.2265396118164,45214920712,77389,552371
552443,03,03,13.013360023498535,80.2265396118164,45214920712,77399,552443
552518,03,03,13.013360023498535,80.2265396118164,45214920712,77409,552518
552587,03,03,13.013360023498535,80.2265396118164,45214920712,77419,552587
552661,03,03,13.01298999786377,80.22673797607422,45214920712,77429,552661
552726,03,03,13.012310028076172,80.22699737548828,45214920712,77439,552726
552800,03,03,13.011449813842773,80.22734069824219,45214920712,77449,552800
552872,03,03,13.010510444641113,80.22769927978516,45214920712,77459,552872
552942,03,03,13.009730339050293,80.22795867919922,45214920712,77469,552942
553010,03,03,13.009440422058105,80.22770690917969,45214920712,77479,553010
553089,03,03,13.009659767150879,80.2271499633789,45214920712,77490,553089
553163,03,03,13.010009765625,80.22635650634766,45214920712,77500,553163
553236,03,03,13.010419845581055,80.22537231445312,45214920712,77510,553236
553302,03,03,13.01082992553711,80.2243881225586,45214920712,77520,553302
553379,03,03,13.01117992401123,80.22348022460938,45214920712,77530,553379
553451,03,03,13.010860443115234,80.22303009033203,45214920712,77540,553451
553521,03,03,13.010319709777832,80.2227783203125,45214920712,77550,553521
553592,03,03,13.010319709777832,80.2227783203125,45214920712,77560,553592
553661,03,03,13.010109901428223,80.22264862060547,45214920712,77570,553661
553734,03,03,13.009519577026367,80.22232818603516,45214920712,77580,553734
553805,03,03,13.00864028930664,80.22183990478516,45214920712,77590,553805
553877,03,03,13.007539749145508,80.22126007080078,45214920712,77601,553877
553948,03,03,13.006549835205078,80.22077941894531,45214920712,77611,553948
554028,03,03,13.005499839782715,80.22051239013672,45214920712,77621,554028
554139,03,03,13.004560470581055,80.22032165527344,45214920712,77637,554139
554222,03,03,13.003899574279785,80.22015380859375,45214920712,77649,554222
554295,03,03,13.003020286560059,80.21990966796875,45214920712,77659,554295
554366,03,03,13.00214958190918,80.2193374633789,45214920712,77669,554366
554438,03,03,13.00160026550293,80.21875762939453,45214920712,77679,554438
554506,03,03,13.000800132751465,80.2181625366211,45214920712,77689,554506
554580,03,03,13.000069618225098,80.21768188476562,45214920712,77699,554580
554645,03,03,12.999349594116211,80.21724700927734,45214920712,77709,554645
554727,03,03,12.998419761657715,80.216796875,45214920712,77720,554727
554797,03,03,12.99779987335205,80.21662902832031,45214920712,77730,554797
554865,03,03,12.997570037841797,80.21662139892578,45214920712,77740,554865
554941,03,03,12.997480392456055,80.21659851074219,45214920712,77750,554941
555008,03,03,12.997220039367676,80.21659851074219,45214920712,77760,555008
555086,03,03,12.996979713439941,80.21661376953125,45214920712,77770,555086
555156,03,03,12.996780395507812,80.21662139892578,45214920712,77780,555156
555236,03,03,12.996649742126465,80.21662139892578,45214920712,77791,555236
555307,03,03,12.99625015258789,80.21669006347656,45214920712,77802,555307
555381,03,03,12.995599746704102,80.21685791015625,45214920712,77812,555381
555450,03,03,12.995450019836426,80.21690368652344,45214920712,77822,555450
555523,03,03,12.99528980255127,80.21697235107422,45214920712,77832,555523
555594,03,03,12.995180130004883,80.2170181274414,45214920712,77842,555594
555664,03,03,12.995039939880371,80.21711730957031,45214920712,77852,555664
555741,03,03,12.994890213012695,80.21720123291016,45214920712,77862,555741
555809,03,03,12.994669914245605,80.21734619140625,45214920712,77872,555809
555878,03,03,12.994179725646973,80.21772766113281,45214920712,77882,555878
555948,03,03,12.993749618530273,80.21804809570312,45214920712,77892,555948
556020,03,03,12.993109703063965,80.21849822998047,45214920712,77902,556020
556097,03,03,12.992449760437012,80.21896362304688,45214920712,77913,556097
556168,03,03,12.991680145263672,80.21952819824219,45214920712,77923,556168
556239,03,03,12.99131965637207,80.21978759765625,45214920712,77933,556239
556310,03,03,12.991000175476074,80.22003936767578,45214920712,77943,556310
556385,03,03,12.990870475769043,80.22013854980469,45214920712,77953,556385
556457,03,03,12.990870475769043,80.22013854980469,45214920712,77963,556457
556527,03,03,12.990870475769043,80.22013854980469,45214920712,77973,556527
556599,03,03,12.990519523620605,80.22041320800781,45214920712,77983,556599
556669,03,03,12.990010261535645,80.22084045410156,45214920712,77993,556669
556742,03,03,12.98943042755127,80.22144317626953,45214920712,78003,556742
556819,03,03,12.988920211791992,80.2220687866211,45214920712,78014,556819
556888,03,03,12.988269805908203,80.22274017333984,45214920712,78024,556888
556961,03,03,12.98762035369873,80.22315979003906,45214920712,78034,556961
557032,03,03,12.987500190734863,80.22315979003906,45214920712,78044,557032
557101,03,03,12.987090110778809,80.22310638427734,45214920712,78054,557101
557175,03,03,12.98684024810791,80.22306060791016,45214920712,78064,557175
557242,03,03,12.986479759216309,80.2230224609375,45214920712,78074,557242
557313,03,03,12.986120223999023,80.22300720214844,45214920712,78084,557313
557385,03,03,12.985480308532715,80.22322082519531,45214920712,78094,557385
557454,03,03,12.984950065612793,80.22325134277344,45214920712,78104,557454
557526,03,03,12.984319686889648,80.222900390625,45214920712,78114,557526
557606,03,03,12.983830451965332,80.2226333618164,45214920712,78125,557606
557672,03,03,12.983830451965332,80.2226333618164,45214920712,78135,557672
557747,03,03,12.983830451965332,80.2226333618164,45214920712,78145,557747
557815,03,03,12.983830451965332,80.2226333618164,45214920712,78155,557815
557883,03,03,12.983830451965332,80.2226333618164,45214920712,78165,557883
557955,03,03,12.983830451965332,80.2226333618164,45214920712,78175,557955
558031,03,03,12.983830451965332,80.2226333618164,45214920712,78185,558031
558097,03,03,12.983539581298828,80.22247314453125,45214920712,78195,558097
558175,03,03,12.983530044555664,80.22245788574219,45214920712,78205,558175
558247,03,03,12.983220100402832,80.2222671508789,45214920712,78215,558247
558323,03,03,12.983169555664062,80.22222137451172,45214920712,78226,558323
558391,03,03,12.983169555664062,80.22222137451172,45214920712,78236,558391
558459,03,03,12.98307991027832,80.22212982177734,45214920712,78246,558459
558533,03,03,12.982660293579102,80.22193908691406,45214920712,78256,558533
558606,03,03,12.982150077819824,80.2217788696289,45214920712,78266,558606
558679,03,03,12.981679916381836,80.2214584350586,45214920712,78276,558679
558743,03,03,12.981100082397461,80.22116088867188,45214920712,78285,558743
558821,03,03,12.980310440063477,80.22113037109375,45214920712,78296,558821
558887,03,03,12.9795503616333,80.22118377685547,45214920712,78306,558887
558961,03,03,12.978540420532227,80.22122955322266,45214920712,78316,558961
559043,03,03,12.97719955444336,80.22129821777344,45214920712,78327,559043
559112,03,03,12.976449966430664,80.2213134765625,45214920712,78337,559112
559183,03,03,12.976240158081055,80.2212905883789,45214920712,78347,559183
559257,03,03,12.9760103225708,80.2214126586914,45214920712,78357,559257
559329,03,03,12.976160049438477,80.22162628173828,45214920712,78367,559329
559400,03,03,12.976180076599121,80.22164916992188,45214920712,78377,559400
559469,03,03,12.976180076599121,80.22164916992188,45214920712,78387,559469
559539,03,03,12.976180076599121,80.22164916992188,45214920712,78397,559539
559610,03,03,12.976309776306152,80.2218017578125,45214920712,78407,559610
559678,03,03,12.9764404296875,80.22209930419922,45214920712,78417,559678
559793,03,03,12.976940155029297,80.22293853759766,45214920712,78433,559793
559880,03,03,12.977560043334961,80.22393798828125,45214920712,78446,559880
559952,03,03,12.97799015045166,80.224609375,45214920712,78456,559952
560022,03,03,12.978500366210938,80.22541809082031,45214920712,78466,560022
560092,03,03,12.978520393371582,80.22545623779297,45214920712,78476,560092
560156,03,03,12.978580474853516,80.2255630493164,45214920712,78485,560156
560229,03,03,12.978839874267578,80.22599029541016,45214920712,78495,560229
560303,03,03,12.979290008544922,80.22676086425781,45214920712,78506,560303
560372,03,03,12.97970962524414,80.22744750976562,45214920712,78516,560372
560448,03,03,12.98015022277832,80.22820281982422,45214920712,78526,560448
560526,03,03,12.980669975280762,80.2291030883789,45214920712,78537,560526
560598,03,03,12.981180191040039,80.22991180419922,45214920712,78547,560598
560670,03,03,12.981599807739258,80.23050689697266,45214920712,78557,560670
560738,03,03,12.981619834899902,80.23053741455078,45214920712,78567,560738
560808,03,03,12.981679916381836,80.23065948486328,45214920712,78577,560808
560879,03,03,12.981880187988281,80.23116302490234,45214920712,78587,560879
560953,03,03,12.982000350952148,80.2319107055664,45214920712,78597,560953
561020,03,03,12.981989860534668,80.23246002197266,45214920712,78607,561020
561096,03,03,12.981829643249512,80.23301696777344,45214920712,78617,561096
561168,03,03,12.981719970703125,80.23326873779297,45214920712,78627,561168
561239,03,03,12.981590270996094,80.23355102539062,45214920712,78637,561239
561315,03,03,12.98157024383545,80.23358154296875,45214920712,78648,561315
561383,03,03,12.981430053710938,80.23387908935547,45214920712,78658,561383
561456,03,03,12.981200218200684,80.23445892333984,45214920712,78668,561456
561528,03,03,12.981180191040039,80.23519134521484,45214920712,78678,561528
561601,03,03,12.981200218200684,80.23616790771484,45214920712,78688,561601
561668,03,03,12.981240272521973,80.23735809326172,45214920712,78698,561668
561744,03,03,12.981260299682617,80.238037109375,45214920712,78708,561744
561815,03,03,12.981269836425781,80.23828125,45214920712,78718,561815
561885,03,03,12.981269836425781,80.23828125,45214920712,78728,561885
561958,03,03,12.981269836425781,80.23828125,45214920712,78738,561958
562037,03,03,12.981289863586426,80.23841857910156,45214920712,78749,562037
562108,03,03,12.981289863586426,80.23857879638672,45214920712,78759,562108
562174,03,03,12.981289863586426,80.23893737792969,45214920712,78769,562174
562247,03,03,12.98130989074707,80.23963165283203,45214920712,78779,562247
562318,03,03,12.981329917907715,80.24050903320312,45214920712,78789,562318
562393,03,03,12.981340408325195,80.2414779663086,45214920712,78799,562393
562461,03,03,12.981340408325195,80.24195861816406,45214920712,78809,562461
562535,03,03,12.981340408325195,80.2423324584961,45214920712,78819,562535
562603,03,03,12.98134994506836,80.2426528930664,45214920712,78829,562603
562676,03,03,12.981340408325195,80.24285888671875,45214920712,78839,562676
562750,03,03,12.981340408325195,80.24285888671875,45214920712,78850,562750
562822,03,03,12.981329917907715,80.24329376220703,45214920712,78860,562822
562893,03,03,12.981260299682617,80.24405670166016,45214920712,78870,562893
562965,03,03,12.981120109558105,80.24506378173828,45214920712,78880,562965
563037,03,03,12.980979919433594,80.24626159667969,45214920712,78890,563037
563105,03,03,12.980839729309082,80.2475814819336,45214920712,78900,563105
563186,03,03,12.98073959350586,80.24884796142578,45214920712,78910,563186
563251,03,03,12.980569839477539,80.25007629394531,45214920712,78920,563251
563326,03,03,12.98019027709961,80.25157165527344,45214920712,78930,563326
563396,03,03,12.980039596557617,80.25216674804688,45214920712,78940,563396
563469,03,03,12.979920387268066,80.25244140625,45214920712,78950,563469
563541,03,03,12.979920387268066,80.25244140625,45214920712,78961,563541
563611,03,03,12.979920387268066,80.25244140625,45214920712,78971,563611
563688,03,03,12.979820251464844,80.25272369384766,45214920712,78981,563688
563755,03,03,12.979479789733887,80.25282287597656,45214920712,78991,563755
563827,03,03,12.978899955749512,80.25273895263672,45214920712,79001,563827
563903,03,03,12.978759765625,80.2527084350586,45214920712,79011,563903
563972,03,03,12.978759765625,80.2527084350586,45214920712,79021,563972
564043,03,03,12.978759765625,80.2527084350586,45214920712,79031,564043
564113,03,03,12.978580474853516,80.2525863647461,45214920712,79041,564113
564186,03,03,12.978059768676758,80.25225830078125,45214920712,79051,564186
564265,03,03,12.977250099182129,80.2515869140625,45214920712,79062,564265
564332,03,03,12.976140022277832,80.25116729736328,45214920712,79072,564332
564407,03,03,12.97488021850586,80.25080108642578,45214920712,79082,564407
564475,03,03,12.973620414733887,80.25041961669922,45214920712,79092,564475
564547,03,03,12.972399711608887,80.2500991821289,45214920712,79102,564547
564621,03,03,12.97107982635498,80.24974060058594,45214920712,79112,564621
564691,03,03,12.969730377197266,80.24928283691406,45214920712,79122,564691
564767,03,03,12.968449592590332,80.24877166748047,45214920712,79132,564767
564834,03,03,12.967300415039062,80.24830627441406,45214920712,79142,564834
564908,03,03,12.966119766235352,80.24775695800781,45214920712,79152,564908
564987,03,03,12.965120315551758,80.24739837646484,45214920712,79163,564987
565051,03,03,12.965080261230469,80.24738311767578,45214920712,79173,565051
565123,03,03,12.965020179748535,80.24736022949219,45214920712,79183,565123
565195,03,03,12.964559555053711,80.2471923828125,45214920712,79193,565195
565267,03,03,12.963820457458496,80.24691772460938,45214920712,79203,565267
565342,03,03,12.963589668273926,80.24684143066406,45214920712,79213,565342
565419,03,03,12.963589668273926,80.24684143066406,45214920712,79223,565419
565488,03,03,12.96321964263916,80.24664306640625,45214920712,79233,565488
565559,03,03,12.962479591369629,80.24626922607422,45214920712,79243,565559
565631,03,03,12.9614896774292,80.24578094482422,45214920712,79253,565631
565714,03,03,12.960220336914062,80.24520111083984,45214920712,79264,565714
565778,03,03,12.959389686584473,80.24485778808594,45214920712,79274,565778
565859,03,03,12.95934009552002,80.24482727050781,45214920712,79284,565859
565933,03,03,12.959139823913574,80.24472045898438,45214920712,79294,565933
566004,03,03,12.958749771118164,80.24453735351562,45214920712,79304,566004
566076,03,03,12.958040237426758,80.24423217773438,45214920712,79314,566076
566149,03,03,12.957369804382324,80.24398803710938,45214920712,79324,566149
566220,03,03,12.95656967163086,80.24373626708984,45214920712,79334,566220
566291,03,03,12.956379890441895,80.24366760253906,45214920712,79344,566291
566363,03,03,12.956379890441895,80.24366760253906,45214920712,79354,566363
566483,03,03,12.956379890441895,80.24366760253906,45214920712,79371,566483
566565,03,03,12.956029891967773,80.24353790283203,45214920712,79383,566565
566641,03,03,12.9553804397583,80.24320983886719,45214920712,79393,566641
566714,03,03,12.954500198364258,80.2427978515625,45214920712,79403,566714
566781,03,03,12.95341968536377,80.24234771728516,45214920712,79413,566781
566859,03,03,12.95226001739502,80.24188995361328,45214920712,79423,566859
566926,03,03,12.95164966583252,80.2416763305664,45214920712,79433,566926
566997,03,03,12.951530456542969,80.24165344238281,45214920712,79443,566997
567074,03,03,12.951020240783691,80.24146270751953,45214920712,79453,567074
567144,03,03,12.950160026550293,80.2411880493164,45214920712,79463,567144
567223,03,03,12.948989868164062,80.2408218383789,45214920712,79474,567223
567299,03,03,12.947699546813965,80.24028015136719,45214920712,79485,567299
567374,03,03,12.947059631347656,80.24002838134766,45214920712,79495,567374
567447,03,03,12.946920394897461,80.2399673461914,45214920712,79505,567447
567519,03,03,12.94633960723877,80.23973846435547,45214920712,79515,567519
567593,03,03,12.945509910583496,80.2393569946289,45214920712,79525,567593
567665,03,03,12.944640159606934,80.23861694335938,45214920712,79535,567665
567739,03,03,12.943770408630371,80.23766326904297,45214920712,79545,567739
567809,03,03,12.943320274353027,80.23722076416016,45214920712,79555,567809
567881,03,03,12.943220138549805,80.23712158203125,45214920712,79565,567881
567963,03,03,12.942649841308594,80.23668670654297,45214920712,79576,567963
568036,03,03,12.941740036010742,80.23635864257812,45214920712,79586,568036
568100,03,03,12.940600395202637,80.2360610961914,45214920712,79596,568100
568174,03,03,12.939680099487305,80.23578643798828,45214920712,79606,568174
568250,03,03,12.939599990844727,80.2357406616211,45214920712,79616,568250
568317,03,03,12.939220428466797,80.23555755615234,45214920712,79626,568317
568390,03,03,12.938460350036621,80.23518371582031,45214920712,79636,568390
568467,03,03,12.937490463256836,80.23470306396484,45214920712,79646,568467
568539,03,03,12.93634033203125,80.23416137695312,45214920712,79656,568539
568612,03,03,12.935259819030762,80.233642578125,45214920712,79666,568612
568682,03,03,12.9341402053833,80.23314666748047,45214920712,79676,568682
568759,03,03,12.933919906616211,80.23301696777344,45214920712,79687,568759
568833,03,03,12.933520317077637,80.23282623291016,45214920712,79697,568833
568909,03,03,12.932740211486816,80.23249816894531,45214920712,79707,568909
568980,03,03,12.931730270385742,80.23214721679688,45214920712,79717,568980
569052,03,03,12.930500030517578,80.23175811767578,45214920712,79727,569052
569124,03,03,12.929269790649414,80.23145294189453,45214920712,79737,569124
569196,03,03,12.92885971069336,80.23136901855469,45214920712,79747,569196
569266,03,03,12.928370475769043,80.23127746582031,45214920712,79757,569266
569339,03,03,12.92747974395752,80.23116302490234,45214920712,79767,569339
569412,03,03,12.926400184631348,80.2310562133789,45214920712,79777,569412
569495,03,03,12.926170349121094,80.23103332519531,45214920712,79788,569495
569565,03,03,12.925729751586914,80.2309799194336,45214920712,79798,569565
569671,03,03,12.924349784851074,80.23082733154297,45214920712,79814,569671
569763,03,03,12.92294979095459,80.23065185546875,45214920712,79826,569763
569815,03,03,12.921879768371582,80.23046875,45214920712,79834,569815
569898,03,03,12.920350074768066,80.23026275634766,45214920712,79846,569898
569964,03,03,12.919340133666992,80.23014068603516,45214920712,79855,569964
570048,03,03,12.918279647827148,80.22998046875,45214920712,79866,570048
570124,03,03,12.91709041595459,80.22984313964844,45214920712,79876,570124
570188,03,03,12.915740013122559,80.22966003417969,45214920712,79886,570188
570271,03,03,12.914199829101562,80.22943115234375,45214920712,79897,570271
570341,03,03,12.913339614868164,80.2293472290039,45214920712,79906,570341
570416,03,03,12.91327953338623,80.22933959960938,45214920712,79917,570416
570485,03,03,12.912919998168945,80.22926330566406,45214920712,79927,570485
570556,03,03,12.912099838256836,80.22914123535156,45214920712,79937,570556
570632,03,03,12.911060333251953,80.22899627685547,45214920712,79947,570632
570704,03,03,12.9097900390625,80.22879791259766,45214920712,79957,570704
570775,03,03,12.90841007232666,80.22857666015625,45214920712,79967,570775
570844,03,03,12.90701961517334,80.2283706665039,45214920712,79977,570844
570919,03,03,12.906290054321289,80.22831726074219,45214920712,79987,570919
570998,03,03,12.906100273132324,80.22828674316406,45214920712,79998,570998
571070,03,03,12.90548038482666,80.22825622558594,45214920712,80008,571070
571146,03,03,12.904509544372559,80.22820281982422,45214920712,80018,571146
571219,03,03,12.903280258178711,80.2281265258789,45214920712,80028,571219
571287,03,03,12.902070045471191,80.22807312011719,45214920712,80038,571287
571365,03,03,12.901570320129395,80.22805786132812,45214920712,80048,571365
571434,03,03,12.901490211486816,80.22805786132812,45214920712,80058,571434
571501,03,03,12.901060104370117,80.22804260253906,45214920712,80068,571501
571572,03,03,12.900369644165039,80.22798156738281,45214920712,80078,571572
571643,03,03,12.899620056152344,80.22795104980469,45214920712,80088,571643
571725,03,03,12.8996000289917,80.22795104980469,45214920712,80099,571725
571802,03,03,12.8996000289917,80.22795104980469,45214920712,80109,571802
571869,03,03,12.899510383605957,80.2279281616211,45214920712,80119,571869
571943,03,03,12.899040222167969,80.22789001464844,45214920712,80129,571943
572018,03,03,12.898260116577148,80.22783660888672,45214920712,80139,572018
572093,03,03,12.897250175476074,80.22779083251953,45214920712,80149,572093
572165,03,03,12.896129608154297,80.22773742675781,45214920712,80159,572165
572233,03,03,12.894980430603027,80.22769927978516,45214920712,80169,572233
572304,03,03,12.893799781799316,80.22762298583984,45214920712,80179,572304
572375,03,03,12.892740249633789,80.22750854492188,45214920712,80189,572375
572454,03,03,12.892390251159668,80.22747802734375,45214920712,80200,572454
572530,03,03,12.891819953918457,80.22744750976562,45214920712,80210,572530
572598,03,03,12.89091968536377,80.2274398803711,45214920712,80220,572598
572672,03,03,12.889800071716309,80.2274169921875,45214920712,80230,572672
572746,03,03,12.88875961303711,80.22743225097656,45214920712,80240,572746
572798,03,03,12.888449668884277,80.2274169921875,45214920712,80249,572798
572885,03,03,12.888179779052734,80.22737121582031,45214920712,80260,572885
572957,03,03,12.887430191040039,80.22727966308594,45214920712,80270,572957
573030,03,03,12.886460304260254,80.22708892822266,45214920712,80280,573030
573101,03,03,12.885299682617188,80.2268295288086,45214920712,80290,573101
573170,03,03,12.884869575500488,80.22679138183594,45214920712,80300,573170
573251,03,03,12.884559631347656,80.2267837524414,45214920712,80311,573251
573324,03,03,12.883830070495605,80.2267837524414,45214920712,80321,573324
573397,03,03,12.88280963897705,80.22679138183594,45214920712,80331,573397
573466,03,03,12.881560325622559,80.22679138183594,45214920712,80341,573466
573537,03,03,12.880200386047363,80.22679901123047,45214920712,80351,573537
573612,03,03,12.87874984741211,80.2268295288086,45214920712,80361,573612
573684,03,03,12.877309799194336,80.22693634033203,45214920712,80371,573684
573756,03,03,12.876469612121582,80.22695922851562,45214920712,80381,573756
573830,03,03,12.876359939575195,80.22657775878906,45214920712,80391,573830
573899,03,03,12.876370429992676,80.22657012939453,45214920712,80401,573899
573981,03,03,12.876460075378418,80.2260971069336,45214920712,80412,573981
574050,03,03,12.876540184020996,80.22525787353516,45214920712,80422,574050
574127,03,03,12.876680374145508,80.22415161132812,45214920712,80432,574127
574199,03,03,12.876959800720215,80.22284698486328,45214920712,80442,574199
574270,03,03,12.877289772033691,80.22142791748047,45214920712,80452,574270
574332,03,03,12.877599716186523,80.22010040283203,45214920712,80461,574332
574406,03,03,12.877969741821289,80.21843719482422,45214920712,80472,574406
574482,03,03,12.878290176391602,80.21688842773438,45214920712,80482,574482
574553,03,03,12.878620147705078,80.21533966064453,45214920712,80492,574553
574630,03,03,12.87893009185791,80.21378326416016,45214920712,80502,574630
574703,03,03,12.879249572753906,80.2120590209961,45214920712,80513,574703
574782,03,03,12.879369735717773,80.21101379394531,45214920712,80523,574782
574849,03,03,12.878990173339844,80.21092224121094,45214920712,80533,574849
574917,03,03,12.8789701461792,80.21092224121094,45214920712,80543,574917
574996,03,03,12.87887954711914,80.21092987060547,45214920712,80553,574996
575057,03,03,12.878419876098633,80.21085357666016,45214920712,80562,575057
575132,03,03,12.87771987915039,80.21073150634766,45214920712,80573,575132
575198,03,03,12.876910209655762,80.21057891845703,45214920712,80583,575198
575283,03,03,12.876330375671387,80.2104721069336,45214920712,80593,575283
575345,03,03,12.875519752502441,80.2103271484375,45214920712,80603,575345
575425,03,03,12.874640464782715,80.2101821899414,45214920712,80614,575425
575501,03,03,12.874549865722656,80.21015930175781,45214920712,80624,575501
575572,03,03,12.874549865722656,80.21015930175781,45214920712,80634,575572
575643,03,03,12.874489784240723,80.21013641357422,45214920712,80644,575643
575711,03,03,12.874340057373047,80.20999145507812,45214920712,80654,575711
575784,03,03,12.874469757080078,80.20960235595703,45214920712,80664,575784
575855,03,03,12.874730110168457,80.20980072021484,45214920712,80674,575855
575925,03,03,12.874719619750977,80.21015930175781,45214920712,80684,575925
575997,03,03,12.875260353088379,80.21025085449219,45214920712,80694,575997
576070,03,03,12.875940322875977,80.21038055419922,45214920712,80704,576070
576142,03,03,12.876720428466797,80.21051788330078,45214920712,80714,576142
576226,03,03,12.877530097961426,80.21067810058594,45214920712,80725,576226
576298,03,03,12.878060340881348,80.2107925415039,45214920712,80735,576298
576366,03,03,12.878430366516113,80.21083068847656,45214920712,80745,576366
576432,03,03,12.8787202835083,80.21086883544922,45214920712,80755,576432
576507,03,03,12.878939628601074,80.21089172363281,45214920712,80765,576507
576572,03,03,12.878979682922363,80.21090698242188,45214920712,80775,576572
576641,03,03,12.878979682922363,80.21090698242188,45214920712,80784,576641
576715,03,03,12.878979682922363,80.21090698242188,45214920712,80795,576715
576789,03,03,12.878979682922363,80.21090698242188,45214920712,80805,576789
576866,03,03,12.878979682922363,80.21090698242188,45214920712,80815,576866
576941,03,03,12.878979682922363,80.21090698242188,45214920712,80826,576941
577021,03,03,12.878979682922363,80.21090698242188,45214920712,80836,577021
577088,03,03,12.878979682922363,80.21090698242188,45214920712,80846,577088
577165,03,03,12.878979682922363,80.21090698242188,45214920712,80856,577165
577235,03,03,12.878979682922363,80.21090698242188,45214920712,80866,577235
577304,03,03,12.878979682922363,80.21090698242188,45214920712,80876,577304
577375,03,03,12.878979682922363,80.21090698242188,45214920712,80886,577375
577454,03,03,12.878979682922363,80.21090698242188,45214920712,80896,577454
577526,03,03,12.878979682922363,80.21090698242188,45214920712,80906,577526
577595,03,03,12.878979682922363,80.21090698242188,45214920712,80916,577595
577680,03,03,12.878979682922363,80.21090698242188,45214920712,80927,577680
577750,03,03,12.878979682922363,80.21090698242188,45214920712,80937,577750
577815,03,03,12.878979682922363,80.21090698242188,45214920712,80947,577815
577887,03,03,12.878979682922363,80.21090698242188,45214920712,80957,577887
577956,03,03,12.878979682922363,80.21090698242188,45214920712,80967,577956
578027,03,03,12.878979682922363,80.21090698242188,45214920712,80977,578027
578096,03,03,12.878979682922363,80.21090698242188,45214920712,80987,578096
578169,03,03,12.878979682922363,80.21090698242188,45214920712,80997,578169
578243,03,03,12.878979682922363,80.21090698242188,45214920712,81007,578243
578317,03,03,12.878979682922363,80.21090698242188,45214920712,81017,578317
578382,03,03,12.878979682922363,80.21090698242188,45214920712,81027,578382
578467,03,03,12.878979682922363,80.21090698242188,45214920712,81038,578467
578536,03,03,12.878979682922363,80.21090698242188,45214920712,81048,578536
578608,03,03,12.878979682922363,80.21090698242188,45214920712,81058,578608
578679,03,03,12.878979682922363,80.21090698242188,45214920712,81068,578679
578751,03,03,12.878979682922363,80.21090698242188,45214920712,81078,578751
578821,03,03,12.878979682922363,80.21090698242188,45214920712,81088,578821
578896,03,03,12.878979682922363,80.21090698242188,45214920712,81098,578896
578965,03,03,12.878979682922363,80.21090698242188,45214920712,81108,578965
579039,03,03,12.878979682922363,80.21090698242188,45214920712,81118,579039
579109,03,03,12.878979682922363,80.21090698242188,45214920712,81128,579109
579186,03,03,12.878979682922363,80.21090698242188,45214920712,81139,579186
579261,03,03,12.878979682922363,80.21090698242188,45214920712,81149,579261
579328,03,03,12.878979682922363,80.21090698242188,45214920712,81159,579328
579409,03,03,12.878979682922363,80.21090698242188,45214920712,81169,579409
579479,03,03,12.878979682922363,80.21090698242188,45214920712,81179,579479
579553,03,03,12.878979682922363,80.21090698242188,45214920712,81189,579553
579628,03,03,12.878979682922363,80.21090698242188,45214920712,81199,579628
579697,03,03,12.878979682922363,80.21090698242188,45214920712,81209,579697
579770,03,03,12.878979682922363,80.21090698242188,45214920712,81219,579770
579841,03,03,12.878979682922363,80.21090698242188,45214920712,81229,579841
579914,03,03,12.878979682922363,80.21090698242188,45214920712,81240,579914
579991,03,03,12.878979682922363,80.21090698242188,45214920712,81250,579991
580060,03,03,12.878979682922363,80.21090698242188,45214920712,81260,580060
580133,03,03,12.878979682922363,80.21090698242188,45214920712,81270,580133
580206,03,03,12.878979682922363,80.21090698242188,45214920712,81280,580206
580276,03,03,12.878979682922363,80.21090698242188,45214920712,81290,580276
580347,03,03,12.878979682922363,80.21090698242188,45214920712,81300,580347
580420,03,03,12.878979682922363,80.21090698242188,45214920712,81310,580420
580496,03,03,12.878979682922363,80.21090698242188,45214920712,81320,580496
580570,03,03,12.878979682922363,80.21090698242188,45214920712,81330,580570
580645,03,03,12.878979682922363,80.21090698242188,45214920712,81341,580645
580721,03,03,12.878979682922363,80.21090698242188,45214920712,81351,580721
580795,03,03,12.878979682922363,80.21090698242188,45214920712,81361,580795
580863,03,03,12.878979682922363,80.21090698242188,45214920712,81371,580863
580940,03,03,12.878979682922363,80.21090698242188,45214920712,81381,580940
581009,03,03,12.878979682922363,80.21090698242188,45214920712,81391,581009
581082,03,03,12.878979682922363,80.21090698242188,45214920712,81401,581082
581151,03,03,12.878979682922363,80.21090698242188,45214920712,81411,581151
581222,03,03,12.878979682922363,80.21090698242188,45214920712,81421,581222
581293,03,03,12.878979682922363,80.21090698242188,45214920712,81431,581293
581365,03,03,12.878979682922363,80.21090698242188,45214920712,81441,581365
581441,03,03,12.878979682922363,80.21090698242188,45214920712,81452,581441
581517,03,03,12.878979682922363,80.21090698242188,45214920712,81462,581517
581586,03,03,12.878979682922363,80.21090698242188,45214920712,81472,581586
581665,03,03,12.879240036010742,80.21102905273438,45214920712,81482,581665
581737,03,03,12.879480361938477,80.2112808227539,45214920712,81492,581737
581809,03,03,12.879369735717773,80.21188354492188,45214920712,81502,581809
581880,03,03,12.879190444946289,80.21276092529297,45214920712,81512,581880
581946,03,03,12.879019737243652,80.21369934082031,45214920712,81521,581946
582014,03,03,12.878820419311523,80.21475982666016,45214920712,81531,582014
582092,03,03,12.878549575805664,80.21598052978516,45214920712,81542,582092
582167,03,03,12.878299713134766,80.21724700927734,45214920712,81553,582167
582241,03,03,12.878049850463867,80.21846008300781,45214920712,81563,582241
582313,03,03,12.877750396728516,80.21977233886719,45214920712,81573,582313
582385,03,03,12.877440452575684,80.22113037109375,45214920712,81583,582385
582457,03,03,12.877120018005371,80.22251892089844,45214920712,81593,582457
582529,03,03,12.876799583435059,80.22393798828125,45214920712,81603,582529
582603,03,03,12.87658977508545,80.22540283203125,45214920712,81613,582603
582674,03,03,12.876420021057129,80.22663879394531,45214920712,81623,582674
582747,03,03,12.876440048217773,80.22696685791016,45214920712,81633,582747
582819,03,03,12.876440048217773,80.22696685791016,45214920712,81643,582819
582890,03,03,12.876779556274414,80.2269287109375,45214920712,81654,582890
582965,03,03,12.8774995803833,80.22683715820312,45214920712,81664,582965
583034,03,03,12.878549575805664,80.22675323486328,45214920712,81674,583034
583115,03,03,12.879819869995117,80.22669219970703,45214920712,81684,583115
583188,03,03,12.881219863891602,80.2266616821289,45214920712,81694,583188
583261,03,03,12.882699966430664,80.22663879394531,45214920712,81704,583261
583331,03,03,12.884200096130371,80.22662353515625,45214920712,81714,583331
583402,03,03,12.885120391845703,80.22660064697266,45214920712,81724,583402
583473,03,03,12.885210037231445,80.22662353515625,45214920712,81734,583473
583546,03,03,12.885689735412598,80.22672271728516,45214920712,81744,583546
583615,03,03,12.886560440063477,80.22695922851562,45214920712,81754,583615
583698,03,03,12.887880325317383,80.22721099853516,45214920712,81765,583698
583770,03,03,12.889280319213867,80.22727966308594,45214920712,81775,583770
583887,03,03,12.89153003692627,80.22727966308594,45214920712,81791,583887
583966,03,03,12.893099784851074,80.22740173339844,45214920712,81803,583966
584037,03,03,12.894430160522461,80.2275619506836,45214920712,81813,584037
584103,03,03,12.895739555358887,80.22762298583984,45214920712,81822,584103
584176,03,03,12.897430419921875,80.22769927978516,45214920712,81833,584176
584247,03,03,12.89900016784668,80.22776794433594,45214920712,81843,584247
584318,03,03,12.900460243225098,80.22782897949219,45214920712,81853,584318
584390,03,03,12.901080131530762,80.2278823852539,45214920712,81864,584390
584470,03,03,12.901639938354492,80.2279281616211,45214920712,81874,584470
584537,03,03,12.90248966217041,80.22794342041016,45214920712,81884,584537
584609,03,03,12.902669906616211,80.22794342041016,45214920712,81894,584609
584676,03,03,12.903019905090332,80.22798156738281,45214920712,81904,584676
584752,03,03,12.903829574584961,80.22801971435547,45214920712,81914,584752
584819,03,03,12.904979705810547,80.22808074951172,45214920712,81924,584819
584891,03,03,12.906270027160645,80.22814178466797,45214920712,81934,584891
584962,03,03,12.906869888305664,80.22817993164062,45214920712,81944,584962
585033,03,03,12.906869888305664,80.22818756103516,45214920712,81954,585033
585106,03,03,12.906990051269531,80.22821807861328,45214920712,81965,585106
585185,03,03,12.907549858093262,80.22830963134766,45214920712,81975,585185
585250,03,03,12.908459663391113,80.22846984863281,45214920712,81985,585250
585322,03,03,12.909660339355469,80.22866821289062,45214920712,81995,585322
585393,03,03,12.910969734191895,80.22888946533203,45214920712,82005,585393
585466,03,03,12.91238021850586,80.22908782958984,45214920712,82015,585466
585535,03,03,12.913660049438477,80.22923278808594,45214920712,82025,585535
585606,03,03,12.91392993927002,80.22926330566406,45214920712,82035,585606
585678,03,03,12.91392993927002,80.22926330566406,45214920712,82045,585678
585748,03,03,12.914139747619629,80.22933959960938,45214920712,82055,585748
585817,03,03,12.914810180664062,80.22942352294922,45214920712,82065,585817
585894,03,03,12.915900230407715,80.22955322265625,45214920712,82076,585894
585964,03,03,12.91709041595459,80.22969818115234,45214920712,82086,585964
586032,03,03,12.918330192565918,80.2298812866211,45214920712,82096,586032
586103,03,03,12.91946029663086,80.23002624511719,45214920712,82106,586103
586176,03,03,12.920450210571289,80.23016357421875,45214920712,82116,586176
586245,03,03,12.922089576721191,80.23037719726562,45214920712,82126,586245
586316,03,03,12.923529624938965,80.23059844970703,45214920712,82136,586316
586387,03,03,12.924969673156738,80.23078155517578,45214920712,82146,586387
586456,03,03,12.926050186157227,80.23088836669922,45214920712,82156,586456
586530,03,03,12.9264497756958,80.23094177246094,45214920712,82166,586530
586604,03,03,12.927260398864746,80.23104095458984,45214920712,82177,586604
586671,03,03,12.92831039428711,80.23116302490234,45214920712,82187,586671
586744,03,03,12.929519653320312,80.23140716552734,45214920712,82197,586744
586812,03,03,12.93082046508789,80.23175048828125,45214920712,82207,586812
586883,03,03,12.932109832763672,80.23216247558594,45214920712,82217,586883
586954,03,03,12.933329582214355,80.23258209228516,45214920712,82227,586954
587028,03,03,12.933719635009766,80.23275756835938,45214920712,82237,587028
587097,03,03,12.933950424194336,80.23284149169922,45214920712,82247,587097
587169,03,03,12.934610366821289,80.23314666748047,45214920712,82257,587169
587242,03,03,12.93552017211914,80.23358154296875,45214920712,82267,587242
587313,03,03,12.93673038482666,80.23416137695312,45214920712,82278,587313
587386,03,03,12.937970161437988,80.23477935791016,45214920712,82288,587386
587462,03,03,12.939220428466797,80.23538208007812,45214920712,82298,587462
587533,03,03,12.939780235290527,80.23562622070312,45214920712,82308,587533
587599,03,03,12.939900398254395,80.23565673828125,45214920712,82318,587599
587674,03,03,12.940279960632324,80.23580169677734,45214920712,82329,587674
587752,03,03,12.940919876098633,80.23597717285156,45214920712,82339,587752
587821,03,03,12.941840171813965,80.23622131347656,45214920712,82349,587821
587892,03,03,12.942839622497559,80.23660278320312,45214920712,82359,587892
587966,03,03,12.943880081176758,80.23753356933594,45214920712,82369,587966
588043,03,03,12.944869995117188,80.23860931396484,45214920712,82380,588043
588109,03,03,12.945719718933105,80.23931884765625,45214920712,82390,588109
588184,03,03,12.946820259094238,80.23977661132812,45214920712,82400,588184
588251,03,03,12.947990417480469,80.24027252197266,45214920712,82410,588251
588323,03,03,12.948769569396973,80.2405776977539,45214920712,82420,588323
588398,03,03,12.948860168457031,80.24060821533203,45214920712,82430,588398
588468,03,03,12.948860168457031,80.24060821533203,45214920712,82440,588468
588535,03,03,12.948860168457031,80.24060821533203,45214920712,82450,588535
588604,03,03,12.948949813842773,80.24063873291016,45214920712,82460,588604
588677,03,03,12.949440002441406,80.2408218383789,45214920712,82470,588677
588755,03,03,12.950220108032227,80.24105834960938,45214920712,82480,588755
588834,03,03,12.950980186462402,80.24127960205078,45214920712,82491,588834
588905,03,03,12.951000213623047,80.24128723144531,45214920712,82501,588905
588977,03,03,12.951319694519043,80.24140167236328,45214920712,82511,588977
589041,03,03,12.95199966430664,80.24166107177734,45214920712,82521,589041
589113,03,03,12.952879905700684,80.24201202392578,45214920712,82531,589113
589189,03,03,12.953619956970215,80.2423095703125,45214920712,82541,589189
589257,03,03,12.954560279846191,80.2426986694336,45214920712,82551,589257
589329,03,03,12.955300331115723,80.24297332763672,45214920712,82561,589329
589404,03,03,12.95613956451416,80.2432632446289,45214920712,82571,589404
589477,03,03,12.956399917602539,80.24334716796875,45214920712,82581,589477
589550,03,03,12.956839561462402,80.24353790283203,45214920712,82592,589550
589624,03,03,12.957650184631348,80.243896484375,45214920712,82602,589624
589701,03,03,12.958600044250488,80.24429321289062,45214920712,82612,589701
589767,03,03,12.958840370178223,80.24439239501953,45214920712,82622,589767
589845,03,03,12.959110260009766,80.2445068359375,45214920712,82632,589845
589913,03,03,12.959620475769043,80.24475860595703,45214920712,82642,589913
589986,03,03,12.96072006225586,80.24526977539062,45214920712,82652,589986
590061,03,03,12.961819648742676,80.24579620361328,45214920712,82662,590061
590127,03,03,12.962889671325684,80.24632263183594,45214920712,82672,590127
590204,03,03,12.96345043182373,80.24659729003906,45214920712,82682,590204
590282,03,03,12.964539527893066,80.24706268310547,45214920712,82693,590282
590356,03,03,12.9656400680542,80.2474365234375,45214920712,82703,590356
590416,03,03,12.966529846191406,80.247802734375,45214920712,82712,590416
590498,03,03,12.966790199279785,80.24790954589844,45214920712,82723,590498
590576,03,03,12.96697998046875,80.24803161621094,45214920712,82733,590576
590642,03,03,12.967599868774414,80.24829864501953,45214920712,82743,590642
590717,03,03,12.968520164489746,80.2486572265625,45214920712,82753,590717
590786,03,03,12.969670295715332,80.24913024902344,45214920712,82763,590786
590864,03,03,12.970979690551758,80.24960327148438,45214920712,82773,590864
590932,03,03,12.972390174865723,80.2499771118164,45214920712,82783,590932
591009,03,03,12.973990440368652,80.25041961669922,45214920712,82794,591009
591086,03,03,12.975469589233398,80.25083923339844,45214920712,82804,591086
591159,03,03,12.976949691772461,80.25128936767578,45214920712,82814,591159
591215,03,03,12.978090286254883,80.25206756591797,45214920712,82823,591215
591301,03,03,12.979299545288086,80.2525634765625,45214920712,82834,591301
591377,03,03,12.97996997833252,80.2522964477539,45214920712,82844,591377
591448,03,03,12.979960441589355,80.25228118896484,45214920712,82854,591448
591519,03,03,12.979960441589355,80.25228118896484,45214920712,82864,591519
591592,03,03,12.979960441589355,80.25228118896484,45214920712,82874,591592
591665,03,03,12.979949951171875,80.25218963623047,45214920712,82884,591665
591737,03,03,12.979999542236328,80.25190734863281,45214920712,82894,591737
591813,03,03,12.980159759521484,80.25144958496094,45214920712,82905,591813
591886,03,03,12.980330467224121,80.25084686279297,45214920712,82915,591886
591958,03,03,12.980500221252441,80.25019073486328,45214920712,82925,591958
592029,03,03,12.980609893798828,80.24964141845703,45214920712,82935,592029
592142,03,03,12.98069953918457,80.24899291992188,45214920712,82951,592142
592226,03,03,12.98069953918457,80.24861145019531,45214920712,82963,592226
592285,03,03,12.98069953918457,80.24846649169922,45214920712,82971,592285
592362,03,03,12.98069953918457,80.24846649169922,45214920712,82983,592362
592440,03,03,12.98069953918457,80.24846649169922,45214920712,82993,592440
592511,03,03,12.98069953918457,80.24846649169922,45214920712,83004,592511
592587,03,03,12.98069953918457,80.24846649169922,45214920712,83014,592587
592662,03,03,12.98069953918457,80.24846649169922,45214920712,83024,592662
592725,03,03,12.98069953918457,80.24846649169922,45214920712,83033,592725
592796,03,03,12.98069953918457,80.24846649169922,45214920712,83044,592796
592867,03,03,12.98069953918457,80.24846649169922,45214920712,83054,592867
592937,03,03,12.98069953918457,80.24846649169922,45214920712,83064,592937
593008,03,03,12.98069953918457,80.24846649169922,45214920712,83074,593008
593075,03,03,12.980690002441406,80.24842834472656,45214920712,83084,593075
593150,03,03,12.980730056762695,80.24803924560547,45214920712,83094,593150
593226,03,03,12.980799674987793,80.24726867675781,45214920712,83105,593226
593295,03,03,12.980879783630371,80.24638366699219,45214920712,83115,593295
593365,03,03,12.981010437011719,80.24536895751953,45214920712,83125,593365
593438,03,03,12.98112964630127,80.24432373046875,45214920712,83135,593438
593513,03,03,12.981260299682617,80.24362182617188,45214920712,83145,593513
593575,03,03,12.981329917907715,80.2431869506836,45214920712,83155,593575
593646,03,03,12.981340408325195,80.2428970336914,45214920712,83165,593646
593717,03,03,12.981340408325195,80.24288177490234,45214920712,83175,593717
593791,03,03,12.981369972229004,80.24252319335938,45214920712,83185,593791
593859,03,03,12.98136043548584,80.24214172363281,45214920712,83195,593859
593932,03,03,12.98134994506836,80.24150848388672,45214920712,83205,593932
594004,03,03,12.981340408325195,80.2406234741211,45214920712,83216,594004
594076,03,03,12.98132038116455,80.2397689819336,45214920712,83226,594076
594148,03,03,12.981289863586426,80.23889923095703,45214920712,83236,594148
594228,03,03,12.981260299682617,80.23806762695312,45214920712,83246,594228
594289,03,03,12.981260299682617,80.23796081542969,45214920712,83256,594289
594368,03,03,12.981260299682617,80.23777770996094,45214920712,83266,594368
594437,03,03,12.981249809265137,80.23722839355469,45214920712,83276,594437
594506,03,03,12.981220245361328,80.23641967773438,45214920712,83286,594506
594580,03,03,12.981200218200684,80.23548889160156,45214920712,83296,594580
594651,03,03,12.981180191040039,80.23455047607422,45214920712,83306,594651
594728,03,03,12.98147964477539,80.233642578125,45214920712,83317,594728
594792,03,03,12.981630325317383,80.23329162597656,45214920712,83327,594792
594867,03,03,12.981690406799316,80.2331771850586,45214920712,83337,594867
594940,03,03,12.981900215148926,80.23271942138672,45214920712,83347,594940
595007,03,03,12.981980323791504,80.23213958740234,45214920712,83357,595007
595081,03,03,12.981969833374023,80.23161315917969,45214920712,83367,595081
595149,03,03,12.98190975189209,80.23124694824219,45214920712,83377,595149
595221,03,03,12.98173999786377,80.2308120727539,45214920712,83387,595221
595291,03,03,12.98147964477539,80.23033905029297,45214920712,83397,595291
595363,03,03,12.981040000915527,80.22962951660156,45214920712,83407,595363
595436,03,03,12.980770111083984,80.22921752929688,45214920712,83418,595436
595505,03,03,12.980640411376953,80.22901916503906,45214920712,83428,595505
595574,03,03,12.980600357055664,80.22894287109375,45214920712,83438,595574
595649,03,03,12.980369567871094,80.22855377197266,45214920712,83448,595649
595719,03,03,12.98019027709961,80.22814178466797,45214920712,83458,595719
595797,03,03,12.979840278625488,80.22754669189453,45214920712,83468,595797
595862,03,03,12.979390144348145,80.2268295288086,45214920712,83478,595862
595934,03,03,12.979089736938477,80.22630310058594,45214920712,83488,595934
596009,03,03,12.978710174560547,80.22572326660156,45214920712,83498,596009
596077,03,03,12.978269577026367,80.22499084472656,45214920712,83508,596077
596152,03,03,12.977879524230957,80.22445678710938,45214920712,83519,596152
596225,03,03,12.97778034210205,80.22431182861328,45214920712,83529,596225
596298,03,03,12.977629661560059,80.22405242919922,45214920712,83539,596298
596366,03,03,12.977370262145996,80.22360229492188,45214920712,83549,596366
596437,03,03,12.97700023651123,80.22300720214844,45214920712,83559,596437
596513,03,03,12.976980209350586,80.22276306152344,45214920712,83569,596513
596583,03,03,12.977239608764648,80.22268676757812,45214920712,83579,596583
596655,03,03,12.977299690246582,80.2226791381836,45214920712,83589,596655
596725,03,03,12.977490425109863,80.22244262695312,45214920712,83599,596725
596793,03,03,12.977490425109863,80.22183227539062,45214920712,83609,596793
596870,03,03,12.977459907531738,80.2212905883789,45214920712,83620,596870
596945,03,03,12.97782039642334,80.22122192382812,45214920712,83630,596945
597021,03,03,12.978460311889648,80.22118377685547,45214920712,83640,597021
597093,03,03,12.979379653930664,80.22112274169922,45214920712,83650,597093
597160,03,03,12.980400085449219,80.22103118896484,45214920712,83660,597160
597229,03,03,12.981120109558105,80.22106170654297,45214920712,83670,597229
597302,03,03,12.981760025024414,80.22142791748047,45214920712,83680,597302
597375,03,03,12.982419967651367,80.2217788696289,45214920712,83690,597375
597447,03,03,12.982959747314453,80.22196197509766,45214920712,83700,597447
597516,03,03,12.983160018920898,80.22207641601562,45214920712,83710,597516
597586,03,03,12.98367977142334,80.22242736816406,45214920712,83720,597586
597667,03,03,12.98451042175293,80.22290802001953,45214920712,83731,597667
597739,03,03,12.985309600830078,80.22328186035156,45214920712,83741,597739
597802,03,03,12.985750198364258,80.22299194335938,45214920712,83751,597802
597874,03,03,12.986339569091797,80.22293853759766,45214920712,83761,597874
597952,03,03,12.986570358276367,80.22295379638672,45214920712,83771,597952
598020,03,03,12.987159729003906,80.22303009033203,45214920712,83781,598020
598089,03,03,12.987910270690918,80.2229232788086,45214920712,83791,598089
598156,03,03,12.988579750061035,80.22238159179688,45214920712,83801,598156
598227,03,03,12.98915958404541,80.22171020507812,45214920712,83811,598227
598295,03,03,12.989720344543457,80.22103118896484,45214920712,83821,598295
598366,03,03,12.990340232849121,80.22042846679688,45214920712,83832,598366
598431,03,03,12.990500450134277,80.22030639648438,45214920712,83841,598431
598507,03,03,12.99098014831543,80.21994018554688,45214920712,83852,598507
598576,03,03,12.99153995513916,80.21954345703125,45214920712,83862,598576
598645,03,03,12.992230415344238,80.21903991699219,45214920712,83872,598645
598718,03,03,12.992830276489258,80.21861267089844,45214920712,83882,598718
598789,03,03,12.993539810180664,80.21807098388672,45214920712,83892,598789
598857,03,03,12.994219779968262,80.21755981445312,45214920712,83902,598857
598928,03,03,12.994810104370117,80.21714782714844,45214920712,83912,598928
598996,03,03,12.995409965515137,80.21676635742188,45214920712,83922,598996
599067,03,03,12.996179580688477,80.21653747558594,45214920712,83933,599067
599137,03,03,12.996800422668457,80.21646118164062,45214920712,83943,599137
599203,03,03,12.997200012207031,80.21630096435547,45214920712,83953,599203
599277,03,03,12.997440338134766,80.21607971191406,45214920712,83963,599277
599345,03,03,12.997520446777344,80.2160415649414,45214920712,83973,599345
599411,03,03,12.997940063476562,80.2156982421875,45214920712,83983,599411
599480,03,03,12.99860954284668,80.21511840820312,45214920712,83993,599480
599549,03,03,12.999119758605957,80.2147216796875,45214920712,84003,599549
599623,03,03,12.999460220336914,80.21443176269531,45214920712,84013,599623
599693,03,03,12.999979972839355,80.2139892578125,45214920712,84023,599693
599759,03,03,13.000519752502441,80.2135009765625,45214920712,84033,599759
599830,03,03,13.001420021057129,80.2127914428711,45214920712,84044,599830
599908,03,03,13.002189636230469,80.2122802734375,45214920712,84054,599908
599969,03,03,13.002869606018066,80.21208190917969,45214920712,84064,599969
600038,03,03,13.003419876098633,80.21204376220703,45214920712,84074,600038
600110,03,03,13.003520011901855,80.21202087402344,45214920712,84084,600110
600181,03,03,13.003660202026367,80.21182250976562,45214920712,84094,600181
600247,03,03,13.003660202026367,80.21125030517578,45214920712,84104,600247
600317,03,03,13.003580093383789,80.21045684814453,45214920712,84114,600317
600392,03,03,13.003499984741211,80.20958709716797,45214920712,84124,600392
600448,03,03,13.003640174865723,80.20887756347656,45214920712,84133,600448
600534,03,03,13.004429817199707,80.20881652832031,45214920712,84145,600534
600605,03,03,13.005279541015625,80.20918273925781,45214920712,84155,600605
600670,03,03,13.006070137023926,80.20945739746094,45214920712,84165,600670
600744,03,03,13.006739616394043,80.20967102050781,45214920712,84175,600744
600811,03,03,13.006919860839844,80.20968627929688,45214920712,84185,600811
600889,03,03,13.007129669189453,80.2097396850586,45214920712,84195,600889
600957,03,03,13.007209777832031,80.20976257324219,45214920712,84205,600957
601021,03,03,13.007209777832031,80.20976257324219,45214920712,84215,601021
601093,03,03,13.007320404052734,80.20980834960938,45214920712,84225,601093
601161,03,03,13.007740020751953,80.20989227294922,45214920712,84235,601161
601246,03,03,13.008060455322266,80.2099380493164,45214920712,84246,601246
601309,03,03,13.008130073547363,80.20966339111328,45214920712,84256,601309
601379,03,03,13.007989883422852,80.20903015136719,45214920712,84266,601379
601447,03,03,13.00786018371582,80.20822143554688,45214920712,84276,601447
601520,03,03,13.007699966430664,80.20729064941406,45214920712,84286,601520
601592,03,03,13.007539749145508,80.20638275146484,45214920712,84296,601592
601655,03,03,13.00747013092041,80.20552825927734,45214920712,84306,601655
601731,03,03,13.007490158081055,80.20475006103516,45214920712,84316,601731
601799,03,03,13.00745964050293,80.20401763916016,45214920712,84326,601799
601868,03,03,13.007360458374023,80.20327758789062,45214920712,84336,601868
601939,03,03,13.006919860839844,80.20252990722656,45214920712,84347,601939
602019,03,03,13.00652027130127,80.20304107666016,45214920712,84357,602019
602080,03,03,13.007049560546875,80.2034683227539,45214920712,84367,602080
602156,03,03,13.007800102233887,80.20365905761719,45214920712,84377,602156
602219,03,03,13.00841999053955,80.20337677001953,45214920712,84387,602219
602286,03,03,13.008020401000977,80.20278930664062,45214920712,84397,602286
602363,03,03,13.007559776306152,80.20340728759766,45214920712,84407,602363
602429,03,03,13.007650375366211,80.20433807373047,45214920712,84417,602429
602502,03,03,13.00763988494873,80.20529174804688,45214920712,84427,602502
602569,03,03,13.007719993591309,80.20610046386719,45214920712,84437,602569
602643,03,03,13.007880210876465,80.20680236816406,45214920712,84448,602643
602709,03,03,13.007980346679688,80.20765686035156,45214920712,84458,602709
602786,03,03,13.008099555969238,80.20850372314453,45214920712,84468,602786
602850,03,03,13.008270263671875,80.20938110351562,45214920712,84478,602850
602919,03,03,13.008569717407227,80.21019744873047,45214920712,84488,602919
603004,03,03,13.008979797363281,80.2106704711914,45214920712,84498,603004
603072,03,03,13.009160041809082,80.21082305908203,45214920712,84508,603072
603143,03,03,13.009169578552246,80.21083068847656,45214920712,84518,603143
603215,03,03,13.009169578552246,80.21083068847656,45214920712,84528,603215
603285,03,03,13.009169578552246,80.21083068847656,45214920712,84538,603285
603346,03,03,13.009169578552246,80.21083068847656,45214920712,84548,603346
603426,03,03,13.009169578552246,80.21083068847656,45214920712,84559,603426
603495,03,03,13.009169578552246,80.21083068847656,45214920712,84569,603495
603558,03,03,13.009169578552246,80.21083068847656,45214920712,84579,603558
603633,03,03,13.009169578552246,80.21083068847656,45214920712,84589,603633
603701,03,03,13.009169578552246,80.21083068847656,45214920712,84599,603701
603765,03,03,13.009169578552246,80.21083068847656,45214920712,84609,603765
603832,03,03,13.009300231933594,80.21086883544922,45214920712,84619,603832
603900,03,03,13.009300231933594,80.21086883544922,45214920712,84629,603900
603978,03,03,13.009300231933594,80.21086883544922,45214920712,84639,603978
604040,03,03,13.009300231933594,80.21086883544922,45214920712,84649,604040
604122,03,03,13.009300231933594,80.21086883544922,45214920712,84660,604122
604189,03,03,13.009300231933594,80.21086883544922,45214920712,84670,604189
604254,03,03,13.009300231933594,80.21086883544922,45214920712,84680,604254
604323,03,03,13.009300231933594,80.21086883544922,45214920712,84690,604323
604402,03,03,13.009300231933594,80.21086883544922,45214920712,84700,604402
604461,03,03,13.009300231933594,80.21086883544922,45214920712,84710,604461
604538,03,03,13.009300231933594,80.21086883544922,45214920712,84720,604538
604607,03,03,13.009360313415527,80.21087646484375,45214920712,84730,604607
604677,03,03,13.009360313415527,80.21087646484375,45214920712,84740,604677
604739,03,03,13.009360313415527,80.21087646484375,45214920712,84750,604739
604816,03,03,13.009360313415527,80.21087646484375,45214920712,84761,604816
604884,03,03,13.009360313415527,80.21087646484375,45214920712,84771,604884
604957,03,03,13.009360313415527,80.21087646484375,45214920712,84781,604957
605029,03,03,13.009360313415527,80.21087646484375,45214920712,84791,605029
605092,03,03,13.009360313415527,80.21087646484375,45214920712,84801,605092
605166,03,03,13.009360313415527,80.2108383178711,45214920712,84811,605166
605230,03,03,13.009360313415527,80.2108383178711,45214920712,84821,605230
605303,03,03,13.009360313415527,80.2108383178711,45214920712,84831,605303
605379,03,03,13.009360313415527,80.2108383178711,45214920712,84841,605379
605444,03,03,13.009360313415527,80.2108383178711,45214920712,84851,605444
605513,03,03,13.009360313415527,80.2108383178711,45214920712,84861,605513
605587,03,03,13.009360313415527,80.2108383178711,45214920712,84872,605587
605654,03,03,13.009360313415527,80.2108383178711,45214920712,84882,605654
605725,03,03,13.009360313415527,80.2108383178711,45214920712,84892,605725
605801,03,03,13.009360313415527,80.2108383178711,45214920712,84902,605801
605867,03,03,13.009360313415527,80.2108383178711,45214920712,84912,605867
605939,03,03,13.009360313415527,80.2108383178711,45214920712,84922,605939
606006,03,03,13.009360313415527,80.2108383178711,45214920712,84932,606006
606078,03,03,13.009360313415527,80.2108383178711,45214920712,84942,606078
606146,03,03,13.009360313415527,80.2108383178711,45214920712,84952,606146
606214,03,03,13.009389877319336,80.21076965332031,45214920712,84962,606214
606290,03,03,13.009389877319336,80.21076965332031,45214920712,84973,606290
606357,03,03,13.009389877319336,80.21076965332031,45214920712,84983,606357
606431,03,03,13.009389877319336,80.21076965332031,45214920712,84993,606431
606499,03,03,13.009389877319336,80.21076965332031,45214920712,85003,606499
606564,03,03,13.009389877319336,80.21076965332031,45214920712,85013,606564
606633,03,03,13.009389877319336,80.21076965332031,45214920712,85023,606633
606710,03,03,13.009389877319336,80.21076965332031,45214920712,85033,606710
606773,03,03,13.009389877319336,80.21076965332031,45214920712,85043,606773
606847,03,03,13.009389877319336,80.21076965332031,45214920712,85053,606847
606911,03,03,13.009389877319336,80.21076965332031,45214920712,85063,606911
606987,03,03,13.009490013122559,80.2109603881836,45214920712,85074,606987
607058,03,03,13.009429931640625,80.21106719970703,45214920712,85084,607058
607132,03,03,13.009429931640625,80.21106719970703,45214920712,85094,607132
607197,03,03,13.00928020477295,80.21119689941406,45214920712,85104,607197
607265,03,03,13.009090423583984,80.21144104003906,45214920712,85114,607265
607340,03,03,13.00907039642334,80.21161651611328,45214920712,85124,607340
607406,03,03,13.009169578552246,80.21195983886719,45214920712,85134,607406
607480,03,03,13.009320259094238,80.21244049072266,45214920712,85144,607480
607546,03,03,13.009499549865723,80.21296691894531,45214920712,85154,607546
607616,03,03,13.009719848632812,80.21359252929688,45214920712,85164,607616
607684,03,03,13.010000228881836,80.21424865722656,45214920712,85174,607684
607764,03,03,13.0101900100708,80.21502685546875,45214920712,85185,607764
607834,03,03,13.010310173034668,80.21575927734375,45214920712,85195,607834
607902,03,03,13.010629653930664,80.21649169921875,45214920712,85205,607902
607967,03,03,13.011039733886719,80.21733093261719,45214920712,85215,607967
608031,03,03,13.011369705200195,80.21817779541016,45214920712,85225,608031
608102,03,03,13.011690139770508,80.21903228759766,45214920712,85235,608102
608179,03,03,13.011980056762695,80.21990203857422,45214920712,85245,608179
608242,03,03,13.01222038269043,80.22065734863281,45214920712,85255,608242
608315,03,03,13.01237964630127,80.22126007080078,45214920712,85265,608315
608381,03,03,13.01261043548584,80.22174835205078,45214920712,85275,608381
608457,03,03,13.013059616088867,80.22235107421875,45214920712,85286,608457
608530,03,03,13.013520240783691,80.22286224365234,45214920712,85296,608530
608602,03,03,13.0139799118042,80.2232437133789,45214920712,85306,608602
608671,03,03,13.014180183410645,80.22344207763672,45214920712,85316,608671
608744,03,03,13.0143404006958,80.22367095947266,45214920712,85326,608744
608807,03,03,13.014690399169922,80.22405242919922,45214920712,85336,608807
608876,03,03,13.015190124511719,80.22480773925781,45214920712,85346,608876
608945,03,03,13.015430450439453,80.22540283203125,45214920712,85356,608945
609015,03,03,13.01511001586914,80.2258529663086,45214920712,85366,609015
609087,03,03,13.014470100402832,80.22611236572266,45214920712,85376,609087
609163,03,03,13.01371955871582,80.22640991210938,45214920712,85387,609163
609233,03,03,13.012980461120605,80.22672271728516,45214920712,85397,609233
609303,03,03,13.012200355529785,80.2270736694336,45214920712,85407,609303
609373,03,03,13.011329650878906,80.22743225097656,45214920712,85417,609373
609442,03,03,13.010540008544922,80.22779083251953,45214920712,85427,609442
609511,03,03,13.009739875793457,80.2281265258789,45214920712,85437,609511
609580,03,03,13.009140014648438,80.22869110107422,45214920712,85447,609580
609649,03,03,13.008950233459473,80.22962188720703,45214920712,85457,609649
609720,03,03,13.008779525756836,80.23050689697266,45214920712,85467,609720
609824,03,03,13.008529663085938,80.23181915283203,45214920712,85483,609824
609916,03,03,13.008310317993164,80.23296356201172,45214920712,85496,609916
609986,03,03,13.008130073547363,80.23385620117188,45214920712,85506,609986
610055,03,03,13.007969856262207,80.23468017578125,45214920712,85516,610055
610124,03,03,13.007800102233887,80.23545837402344,45214920712,85526,610124
610193,03,03,13.00763988494873,80.23626708984375,45214920712,85536,610193
610257,03,03,13.007479667663574,80.23712921142578,45214920712,85546,610257
610332,03,03,13.00730037689209,80.23799896240234,45214920712,85556,610332
610396,03,03,13.007160186767578,80.23877716064453,45214920712,85565,610396
610469,03,03,13.006990432739258,80.23970794677734,45214920712,85576,610469
610536,03,03,13.006939888000488,80.24018096923828,45214920712,85586,610536
610612,03,03,13.006879806518555,80.24067687988281,45214920712,85597,610612
610678,03,03,13.006799697875977,80.24127197265625,45214920712,85606,610678
610754,03,03,13.006759643554688,80.24201965332031,45214920712,85617,610754
610823,03,03,13.006739616394043,80.24288177490234,45214920712,85627,610823
610889,03,03,13.006719589233398,80.24368286132812,45214920712,85637,610889
610960,03,03,13.006719589233398,80.24453735351562,45214920712,85647,610960
611028,03,03,13.006739616394043,80.24533081054688,45214920712,85657,611028
611102,03,03,13.006750106811523,80.24613952636719,45214920712,85667,611102
611171,03,03,13.006770133972168,80.24696350097656,45214920712,85677,611171
611240,03,03,13.006759643554688,80.24774932861328,45214920712,85687,611240
611311,03,03,13.006779670715332,80.2486572265625,45214920712,85698,611311
611383,03,03,13.006810188293457,80.24954223632812,45214920712,85708,611383
611453,03,03,13.006839752197266,80.25032043457031,45214920712,85718,611453
611525,03,03,13.006839752197266,80.2511215209961,45214920712,85728,611525
611594,03,03,13.00669002532959,80.25189208984375,45214920712,85738,611594
611663,03,03,13.006560325622559,80.25264739990234,45214920712,85748,611663
611733,03,03,13.006560325622559,80.25344848632812,45214920712,85758,611733
611803,03,03,13.006560325622559,80.25421905517578,45214920712,85768,611803
611871,03,03,13.006609916687012,80.25505828857422,45214920712,85778,611871
611941,03,03,13.006609916687012,80.25592803955078,45214920712,85788,611941
612011,03,03,13.006609916687012,80.2567367553711,45214920712,85798,612011
612089,03,03,13.0066499710083,80.25743865966797,45214920712,85809,612089
612158,03,03,13.006380081176758,80.25759887695312,45214920712,85819,612158
612269,03,03,13.005450248718262,80.25737762451172,45214920712,85835,612269
612349,03,03,13.004630088806152,80.25715637207031,45214920712,85847,612349
612415,03,03,13.003890037536621,80.25701904296875,45214920712,85857,612415
612483,03,03,13.003250122070312,80.25689697265625,45214920712,85866,612483
612556,03,03,13.002420425415039,80.25675201416016,45214920712,85877,612556
612626,03,03,13.001740455627441,80.25662231445312,45214920712,85887,612626
612696,03,03,13.001119613647461,80.25653076171875,45214920712,85896,612696
612780,03,03,13.000280380249023,80.25637817382812,45214920712,85908,612780
612847,03,03,12.99960994720459,80.25626373291016,45214920712,85918,612847
612915,03,03,12.9989595413208,80.25614166259766,45214920712,85928,612915
612979,03,03,12.998370170593262,80.25604248046875,45214920712,85937,612979
613053,03,03,12.997879981994629,80.25601196289062,45214920712,85948,613053
613121,03,03,12.997710227966309,80.25604248046875,45214920712,85958,613121
613191,03,03,12.997679710388184,80.25621032714844,45214920712,85968,613191
613261,03,03,12.997699737548828,80.25653839111328,45214920712,85978,613261
613331,03,03,12.997719764709473,80.25672149658203,45214920712,85988,613331
613402,03,03,12.997719764709473,80.25672149658203,45214920712,85998,613402
613477,03,03,12.997719764709473,80.25672149658203,45214920712,86009,613477
613545,03,03,12.997719764709473,80.25672149658203,45214920712,86019,613545
613613,03,03,12.997719764709473,80.25672149658203,45214920712,86029,613613
613683,03,03,12.997719764709473,80.25672149658203,45214920712,86039,613683
613754,03,03,12.997719764709473,80.25672149658203,45214920712,86049,613754
613825,03,03,12.997719764709473,80.25672149658203,45214920712,86059,613825
613894,03,03,12.997719764709473,80.25672149658203,45214920712,86069,613894
613965,03,03,12.997719764709473,80.25672149658203,45214920712,86079,613965
614036,03,03,12.997719764709473,80.25672149658203,45214920712,86089,614036
614106,03,03,12.997719764709473,80.25672149658203,45214920712,86099,614106
614177,03,03,12.997719764709473,80.25672149658203,45214920712,86110,614177
614248,03,03,12.997719764709473,80.25672149658203,45214920712,86120,614248
614318,03,03,12.997719764709473,80.25672149658203,45214920712,86130,614318
614388,03,03,12.997719764709473,80.25672149658203,45214920712,86140,614388
614458,03,03,12.997719764709473,80.25672149658203,45214920712,86150,614458
614529,03,03,12.997719764709473,80.25672149658203,45214920712,86160,614529
614598,03,03,12.997719764709473,80.25672149658203,45214920712,86170,614598
614666,03,03,12.997719764709473,80.25672149658203,45214920712,86180,614666
614735,03,03,12.997719764709473,80.25672149658203,45214920712,86190,614735
614808,03,03,12.997719764709473,80.25672149658203,45214920712,86200,614808
614878,03,03,12.997719764709473,80.25672149658203,45214920712,86210,614878
614948,03,03,12.997719764709473,80.25672149658203,45214920712,86221,614948
615017,03,03,12.997719764709473,80.25672149658203,45214920712,86231,615017
615088,03,03,12.997719764709473,80.25672149658203,45214920712,86241,615088
615156,03,03,12.997719764709473,80.25672149658203,45214920712,86251,615156
615226,03,03,12.997719764709473,80.25672149658203,45214920712,86261,615226
615300,03,03,12.997719764709473,80.25672149658203,45214920712,86271,615300
615368,03,03,12.997719764709473,80.25672149658203,45214920712,86281,615368
615437,03,03,12.997719764709473,80.25672149658203,45214920712,86291,615437
615505,03,03,12.997719764709473,80.25672149658203,45214920712,86301,615505
615573,03,03,12.997719764709473,80.25672149658203,45214920712,86311,615573
615648,03,03,12.997719764709473,80.25672149658203,45214920712,86322,615648
615720,03,03,12.997719764709473,80.25672149658203,45214920712,86332,615720
615788,03,03,12.997719764709473,80.25672149658203,45214920712,86342,615788
615861,03,03,12.997719764709473,80.25672149658203,45214920712,86352,615861
615932,03,03,12.997719764709473,80.25672149658203,45214920712,86362,615932
616001,03,03,12.997719764709473,80.25672149658203,45214920712,86372,616001
616071,03,03,12.997719764709473,80.25672149658203,45214920712,86382,616071
616137,03,03,12.997719764709473,80.25672149658203,45214920712,86392,616137
